"rt","stimulus","response","trial_type","trial_index","time_elapsed","internal_node_id","subject_id","condition_num","sona_id","success","question_order","slider_start","practiceTrial","practiceTrialNum","correct","concept","texture_id"
"3018","Welcome to our experiment!<p>At the bottom of this screen, you will see a button that says ""Begin Experiment"".<br>Please only click that button when you are ready to complete the 30 minute experiment in one sitting.</p><p> Once you click that button, it will not be possible to restart the experiment.","0","html-button-response","0","3025","0.0-0.0","h655nft9bk","11","92208","","","","","","","",""
"3252","","","fullscreen","1","7288","0.0-1.0","h655nft9bk","11","92208","true","","","","","","",""
"79653","","{""Consent"":[""<strong>I consent</strong>""]}","survey-multi-select","2","86949","0.0-2.0","h655nft9bk","11","92208","","[0]","","","","","",""
"1795","Welcome! <p> This experiment involves two parts: demographic information, followed by the experimental task.<p> It will take about 30 minutes to complete both parts.","0","html-button-response","3","88748","0.0-3.0","h655nft9bk","11","92208","","","","","","","",""
"11543","","{""Age"":""19"",""Gender"":""Male"",""Race/ethnicity"":""White"",""Languages"":""English""}","survey-text","4","100318","0.0-4.0","h655nft9bk","11","92208","","","","","","","",""
"14913","
                        <div style=""height:720px;"">
                            <div style='text-align:left; font-size:18px; line-height:25px; width: 1200px;'>
                                During this experiment you will be presented with a series of concepts, one at a time, from the set below:                             </div>

                            <div style=""text-align: left; width: 1200px;"">
                                <p style=""font-size:18px; line-height:20px; text-align:center; font-weight:bold "">justice,
                                    love, peace, evil, greed
                                <p style=""font-size:18px; line-height:18px;""></p>
                            </div>
                            <div style='text-align:left; font-size:18px; line-height:25px; width: 1200px;'>
                                For each concept, you will be asked to rate how much you associate it with each of the visual textures
                                below on a scale from 'not at all' to 'very much'.                            </div>
                            <div style=""display: flex; justify-content: center; width: 90%;"">
                                <div style=""text-align: center; width: 1000px; display: grid; grid-template-columns: repeat(13, .5fr); gap: 5px; padding: 5px; margin: 0 auto;"">
                                    
                                    <div style=""width: 95%; aspect-ratio: 1;"">
                                        <img src=""images/D1.png"" style=""width: 100%; height: 100%; object-fit: cover;"">
                                    </div>
                                    
                                    <div style=""width: 95%; aspect-ratio: 1;"">
                                        <img src=""images/D4.png"" style=""width: 100%; height: 100%; object-fit: cover;"">
                                    </div>
                                    
                                    <div style=""width: 95%; aspect-ratio: 1;"">
                                        <img src=""images/D8.png"" style=""width: 100%; height: 100%; object-fit: cover;"">
                                    </div>
                                    
                                    <div style=""width: 95%; aspect-ratio: 1;"">
                                        <img src=""images/D11.png"" style=""width: 100%; height: 100%; object-fit: cover;"">
                                    </div>
                                    
                                    <div style=""width: 95%; aspect-ratio: 1;"">
                                        <img src=""images/D14.png"" style=""width: 100%; height: 100%; object-fit: cover;"">
                                    </div>
                                    
                                    <div style=""width: 95%; aspect-ratio: 1;"">
                                        <img src=""images/D16.png"" style=""width: 100%; height: 100%; object-fit: cover;"">
                                    </div>
                                    
                                    <div style=""width: 95%; aspect-ratio: 1;"">
                                        <img src=""images/D17.png"" style=""width: 100%; height: 100%; object-fit: cover;"">
                                    </div>
                                    
                                    <div style=""width: 95%; aspect-ratio: 1;"">
                                        <img src=""images/D18.png"" style=""width: 100%; height: 100%; object-fit: cover;"">
                                    </div>
                                    
                                    <div style=""width: 95%; aspect-ratio: 1;"">
                                        <img src=""images/D19.png"" style=""width: 100%; height: 100%; object-fit: cover;"">
                                    </div>
                                    
                                    <div style=""width: 95%; aspect-ratio: 1;"">
                                        <img src=""images/D20.png"" style=""width: 100%; height: 100%; object-fit: cover;"">
                                    </div>
                                    
                                    <div style=""width: 95%; aspect-ratio: 1;"">
                                        <img src=""images/D22.png"" style=""width: 100%; height: 100%; object-fit: cover;"">
                                    </div>
                                    
                                    <div style=""width: 95%; aspect-ratio: 1;"">
                                        <img src=""images/D25.png"" style=""width: 100%; height: 100%; object-fit: cover;"">
                                    </div>
                                    
                                    <div style=""width: 95%; aspect-ratio: 1;"">
                                        <img src=""images/D26.png"" style=""width: 100%; height: 100%; object-fit: cover;"">
                                    </div>
                                    
                                    <div style=""width: 95%; aspect-ratio: 1;"">
                                        <img src=""images/D34.png"" style=""width: 100%; height: 100%; object-fit: cover;"">
                                    </div>
                                    
                                    <div style=""width: 95%; aspect-ratio: 1;"">
                                        <img src=""images/D35.png"" style=""width: 100%; height: 100%; object-fit: cover;"">
                                    </div>
                                    
                                    <div style=""width: 95%; aspect-ratio: 1;"">
                                        <img src=""images/D36.png"" style=""width: 100%; height: 100%; object-fit: cover;"">
                                    </div>
                                    
                                    <div style=""width: 95%; aspect-ratio: 1;"">
                                        <img src=""images/D37.png"" style=""width: 100%; height: 100%; object-fit: cover;"">
                                    </div>
                                    
                                    <div style=""width: 95%; aspect-ratio: 1;"">
                                        <img src=""images/D46.png"" style=""width: 100%; height: 100%; object-fit: cover;"">
                                    </div>
                                    
                                    <div style=""width: 95%; aspect-ratio: 1;"">
                                        <img src=""images/D47.png"" style=""width: 100%; height: 100%; object-fit: cover;"">
                                    </div>
                                    
                                    <div style=""width: 95%; aspect-ratio: 1;"">
                                        <img src=""images/D48.png"" style=""width: 100%; height: 100%; object-fit: cover;"">
                                    </div>
                                    
                                    <div style=""width: 95%; aspect-ratio: 1;"">
                                        <img src=""images/D49.png"" style=""width: 100%; height: 100%; object-fit: cover;"">
                                    </div>
                                    
                                    <div style=""width: 95%; aspect-ratio: 1;"">
                                        <img src=""images/D51.png"" style=""width: 100%; height: 100%; object-fit: cover;"">
                                    </div>
                                    
                                    <div style=""width: 95%; aspect-ratio: 1;"">
                                        <img src=""images/D52.png"" style=""width: 100%; height: 100%; object-fit: cover;"">
                                    </div>
                                    
                                    <div style=""width: 95%; aspect-ratio: 1;"">
                                        <img src=""images/D53.png"" style=""width: 100%; height: 100%; object-fit: cover;"">
                                    </div>
                                    
                                    <div style=""width: 95%; aspect-ratio: 1;"">
                                        <img src=""images/D55.png"" style=""width: 100%; height: 100%; object-fit: cover;"">
                                    </div>
                                    
                                    <div style=""width: 95%; aspect-ratio: 1;"">
                                        <img src=""images/D56.png"" style=""width: 100%; height: 100%; object-fit: cover;"">
                                    </div>
                                    
                                    <div style=""width: 95%; aspect-ratio: 1;"">
                                        <img src=""images/D57.png"" style=""width: 100%; height: 100%; object-fit: cover;"">
                                    </div>
                                    
                                    <div style=""width: 95%; aspect-ratio: 1;"">
                                        <img src=""images/D64.png"" style=""width: 100%; height: 100%; object-fit: cover;"">
                                    </div>
                                    
                                    <div style=""width: 95%; aspect-ratio: 1;"">
                                        <img src=""images/D65.png"" style=""width: 100%; height: 100%; object-fit: cover;"">
                                    </div>
                                    
                                    <div style=""width: 95%; aspect-ratio: 1;"">
                                        <img src=""images/D66.png"" style=""width: 100%; height: 100%; object-fit: cover;"">
                                    </div>
                                    
                                    <div style=""width: 95%; aspect-ratio: 1;"">
                                        <img src=""images/D68.png"" style=""width: 100%; height: 100%; object-fit: cover;"">
                                    </div>
                                    
                                    <div style=""width: 95%; aspect-ratio: 1;"">
                                        <img src=""images/D74.png"" style=""width: 100%; height: 100%; object-fit: cover;"">
                                    </div>
                                    
                                    <div style=""width: 95%; aspect-ratio: 1;"">
                                        <img src=""images/D75.png"" style=""width: 100%; height: 100%; object-fit: cover;"">
                                    </div>
                                    
                                    <div style=""width: 95%; aspect-ratio: 1;"">
                                        <img src=""images/D76.png"" style=""width: 100%; height: 100%; object-fit: cover;"">
                                    </div>
                                    
                                    <div style=""width: 95%; aspect-ratio: 1;"">
                                        <img src=""images/D77.png"" style=""width: 100%; height: 100%; object-fit: cover;"">
                                    </div>
                                    
                                    <div style=""width: 95%; aspect-ratio: 1;"">
                                        <img src=""images/D78.png"" style=""width: 100%; height: 100%; object-fit: cover;"">
                                    </div>
                                    
                                    <div style=""width: 95%; aspect-ratio: 1;"">
                                        <img src=""images/D79.png"" style=""width: 100%; height: 100%; object-fit: cover;"">
                                    </div>
                                    
                                    <div style=""width: 95%; aspect-ratio: 1;"">
                                        <img src=""images/D81.png"" style=""width: 100%; height: 100%; object-fit: cover;"">
                                    </div>
                                    
                                    <div style=""width: 95%; aspect-ratio: 1;"">
                                        <img src=""images/D82.png"" style=""width: 100%; height: 100%; object-fit: cover;"">
                                    </div>
                                    
                                    <div style=""width: 95%; aspect-ratio: 1;"">
                                        <img src=""images/D83.png"" style=""width: 100%; height: 100%; object-fit: cover;"">
                                    </div>
                                    
                                    <div style=""width: 95%; aspect-ratio: 1;"">
                                        <img src=""images/D84.png"" style=""width: 100%; height: 100%; object-fit: cover;"">
                                    </div>
                                    
                                    <div style=""width: 95%; aspect-ratio: 1;"">
                                        <img src=""images/D85.png"" style=""width: 100%; height: 100%; object-fit: cover;"">
                                    </div>
                                    
                                    <div style=""width: 95%; aspect-ratio: 1;"">
                                        <img src=""images/D87.png"" style=""width: 100%; height: 100%; object-fit: cover;"">
                                    </div>
                                    
                                    <div style=""width: 95%; aspect-ratio: 1;"">
                                        <img src=""images/D92.png"" style=""width: 100%; height: 100%; object-fit: cover;"">
                                    </div>
                                    
                                    <div style=""width: 95%; aspect-ratio: 1;"">
                                        <img src=""images/D94.png"" style=""width: 100%; height: 100%; object-fit: cover;"">
                                    </div>
                                    
                                    <div style=""width: 95%; aspect-ratio: 1;"">
                                        <img src=""images/D95.png"" style=""width: 100%; height: 100%; object-fit: cover;"">
                                    </div>
                                    
                                    <div style=""width: 95%; aspect-ratio: 1;"">
                                        <img src=""images/D96.png"" style=""width: 100%; height: 100%; object-fit: cover;"">
                                    </div>
                                    
                                    <div style=""width: 95%; aspect-ratio: 1;"">
                                        <img src=""images/D101.png"" style=""width: 100%; height: 100%; object-fit: cover;"">
                                    </div>
                                    
                                    <div style=""width: 95%; aspect-ratio: 1;"">
                                        <img src=""images/D102.png"" style=""width: 100%; height: 100%; object-fit: cover;"">
                                    </div>
                                    
                                    <div style=""width: 95%; aspect-ratio: 1;"">
                                        <img src=""images/D103.png"" style=""width: 100%; height: 100%; object-fit: cover;"">
                                    </div>
                                    
                                    <div style=""width: 95%; aspect-ratio: 1;"">
                                        <img src=""images/D104.png"" style=""width: 100%; height: 100%; object-fit: cover;"">
                                    </div>
                                    
                                    <div style=""width: 95%; aspect-ratio: 1;"">
                                        <img src=""images/D105.png"" style=""width: 100%; height: 100%; object-fit: cover;"">
                                    </div>
                                    
                                </div>
                            </div>
                            <br>
                            <div style='text-align:left; font-size:18px; line-height:25px; width: 1200px;'>
                                Each trial will include one concept word and one visual texture. You will be asked to make your rating by
                                sliding the cursor along a slider response scale.<br>                                Before beginning, please look at the list of concepts and textures.                                 For each concept, think about the texture you associate least with it.                                When you see that texture paired with that concept please click on the left endpoint of the scale near 'not at
                                all'.                                Now, please think about the texture you associate most with it.                                When you see that texture paired with that concept please click on the right endpoint of the scale near 'very
                                much'. <br><br>                                Please use the full range of the scale.                                That is, if you believe a concept is somewhat associated with a texture, you would click at the midpoint of the
                                scale.                                You will be asked to rate each texture for a given concept before moving on to the next.<br>Press the 'Continue'
                                button for instructions on how to use the slider.

                            </div>
                            <!-- Centered text paragraphs -->

                        </div>
                         ","null","html-slider-response","5","115235","0.0-5.0","h655nft9bk","11","92208","","","0","true","","","",""
"5805","<div style=""width:800px;""><p style=""text-align:left"">To move the slider, click and drag your cursor to the location of the scale where you would like to make your rating and then let go. When you let go of the slider, your response will be recorded and the next trial will begin. <br>
                    We are interested in your initial impressions of each concept for a given scale, so please go with your first intuition. <br>
                    Before you begin the experiment, there will be four training trials for you to practice using the slider. <br>
                     When you are ready to start the training trials, please click ""Continue"".</p><br></div>","0","html-button-response","6","121043","0.0-6.0","h655nft9bk","11","92208","","","","","","","",""
"NaN","<div style=""width:500px;"">
                                    <p style=""font-size:25px;"">Please move the slider all the way to the <br> right endpoint of the scale</p>

                                    </div>
                                </div>","200","html-slider-response","7","124616","0.0-7.0-0.0","h655nft9bk","11","92208","","","0","true","0","true","",""
"932","<p align='center'><b>Good job!</b> Click on 'Continue' to proceed.</p>","0","html-button-response","8","126059","0.0-7.0-1.0","h655nft9bk","11","92208","","","","","","","",""
"NaN","<div style=""width:500px;"">
                                    <p style=""font-size:25px;"">Please move the slider all the way to the <br> left endpoint of the scale</p>

                                    </div>
                                </div>","-200","html-slider-response","9","127706","0.0-8.0-0.0","h655nft9bk","11","92208","","","0","true","1","true","",""
"875","<p align='center'><b>Good job!</b> Click on 'Continue' to proceed.</p>","0","html-button-response","10","129089","0.0-8.0-1.0","h655nft9bk","11","92208","","","","","","","",""
"NaN","<div style=""width:500px;"">
                                    <p style=""font-size:25px;"">Please move the slider halfway between the center and right endpoint of the scale</p>

                                    </div>
                                </div>","97","html-slider-response","11","133978","0.0-9.0-0.0","h655nft9bk","11","92208","","","0","true","2","true","",""
"2347","<p align='center'><b>Good job!</b> Click on 'Continue' to proceed.</p>","0","html-button-response","12","136844","0.0-9.0-1.0","h655nft9bk","11","92208","","","","","","","",""
"NaN","<div style=""width:500px;"">
                                    <p style=""font-size:25px;"">Please move the slider halfway between the center and left endpoint of the scale</p>

                                    </div>
                                </div>","-109","html-slider-response","13","140870","0.0-10.0-0.0","h655nft9bk","11","92208","","","0","true","3","true","",""
"971","<p align='center'><b>Good job!</b> Click on 'Continue' to proceed.</p>","0","html-button-response","14","142347","0.0-10.0-1.0","h655nft9bk","11","92208","","","","","","","",""
"908","<p>Great job! You've completed the practice trials. Now you will begin the main task.</p>","0","html-button-response","15","143256","0.0-11.0","h655nft9bk","11","92208","","","","","","","",""
"4680","<p>In this block of trials, you will be asked to rate how much you associate each texture with the concept</p > <p style = 'font-size:150%; font-weight: bold'>justice</p><br></br>","0","html-button-response","16","147939","0.0-12.0","h655nft9bk","11","92208","","","","","","","",""
"NaN","<div style=""width:500px;"">
                            <p style=""font-size:50px; font-weight:bold;""
                            >justice</p>
                            <div style=""width:240px; margin: auto;"">
                                <img src=""images/D104.png"" style= ""width:200px""alt=""img"">
                            </div>
                        </div>","-169","html-slider-response","17","151109","0.0-13.0","h655nft9bk","11","92208","","","0","","","","justice","images/D104.png"
"NaN","<div style=""width:500px;"">
                            <p style=""font-size:50px; font-weight:bold;""
                            >justice</p>
                            <div style=""width:240px; margin: auto;"">
                                <img src=""images/D55.png"" style= ""width:200px""alt=""img"">
                            </div>
                        </div>","157","html-slider-response","18","155573","0.0-14.0","h655nft9bk","11","92208","","","0","","","","justice","images/D55.png"
"NaN","<div style=""width:500px;"">
                            <p style=""font-size:50px; font-weight:bold;""
                            >justice</p>
                            <div style=""width:240px; margin: auto;"">
                                <img src=""images/D75.png"" style= ""width:200px""alt=""img"">
                            </div>
                        </div>","-43","html-slider-response","19","158315","0.0-15.0","h655nft9bk","11","92208","","","0","","","","justice","images/D75.png"
"NaN","<div style=""width:500px;"">
                            <p style=""font-size:50px; font-weight:bold;""
                            >justice</p>
                            <div style=""width:240px; margin: auto;"">
                                <img src=""images/D22.png"" style= ""width:200px""alt=""img"">
                            </div>
                        </div>","-108","html-slider-response","20","161130","0.0-16.0","h655nft9bk","11","92208","","","0","","","","justice","images/D22.png"
"NaN","<div style=""width:500px;"">
                            <p style=""font-size:50px; font-weight:bold;""
                            >justice</p>
                            <div style=""width:240px; margin: auto;"">
                                <img src=""images/D37.png"" style= ""width:200px""alt=""img"">
                            </div>
                        </div>","57","html-slider-response","21","163662","0.0-17.0","h655nft9bk","11","92208","","","0","","","","justice","images/D37.png"
"NaN","<div style=""width:500px;"">
                            <p style=""font-size:50px; font-weight:bold;""
                            >justice</p>
                            <div style=""width:240px; margin: auto;"">
                                <img src=""images/D81.png"" style= ""width:200px""alt=""img"">
                            </div>
                        </div>","24","html-slider-response","22","166246","0.0-18.0","h655nft9bk","11","92208","","","0","","","","justice","images/D81.png"
"NaN","<div style=""width:500px;"">
                            <p style=""font-size:50px; font-weight:bold;""
                            >justice</p>
                            <div style=""width:240px; margin: auto;"">
                                <img src=""images/D52.png"" style= ""width:200px""alt=""img"">
                            </div>
                        </div>","157","html-slider-response","23","168497","0.0-19.0","h655nft9bk","11","92208","","","0","","","","justice","images/D52.png"
"NaN","<div style=""width:500px;"">
                            <p style=""font-size:50px; font-weight:bold;""
                            >justice</p>
                            <div style=""width:240px; margin: auto;"">
                                <img src=""images/D95.png"" style= ""width:200px""alt=""img"">
                            </div>
                        </div>","83","html-slider-response","24","171330","0.0-20.0","h655nft9bk","11","92208","","","0","","","","justice","images/D95.png"
"NaN","<div style=""width:500px;"">
                            <p style=""font-size:50px; font-weight:bold;""
                            >justice</p>
                            <div style=""width:240px; margin: auto;"">
                                <img src=""images/D96.png"" style= ""width:200px""alt=""img"">
                            </div>
                        </div>","26","html-slider-response","25","173871","0.0-21.0","h655nft9bk","11","92208","","","0","","","","justice","images/D96.png"
"NaN","<div style=""width:500px;"">
                            <p style=""font-size:50px; font-weight:bold;""
                            >justice</p>
                            <div style=""width:240px; margin: auto;"">
                                <img src=""images/D77.png"" style= ""width:200px""alt=""img"">
                            </div>
                        </div>","166","html-slider-response","26","178036","0.0-22.0","h655nft9bk","11","92208","","","0","","","","justice","images/D77.png"
"NaN","<div style=""width:500px;"">
                            <p style=""font-size:50px; font-weight:bold;""
                            >justice</p>
                            <div style=""width:240px; margin: auto;"">
                                <img src=""images/D48.png"" style= ""width:200px""alt=""img"">
                            </div>
                        </div>","23","html-slider-response","27","181888","0.0-23.0","h655nft9bk","11","92208","","","0","","","","justice","images/D48.png"
"NaN","<div style=""width:500px;"">
                            <p style=""font-size:50px; font-weight:bold;""
                            >justice</p>
                            <div style=""width:240px; margin: auto;"">
                                <img src=""images/D14.png"" style= ""width:200px""alt=""img"">
                            </div>
                        </div>","200","html-slider-response","28","185223","0.0-24.0","h655nft9bk","11","92208","","","0","","","","justice","images/D14.png"
"NaN","<div style=""width:500px;"">
                            <p style=""font-size:50px; font-weight:bold;""
                            >justice</p>
                            <div style=""width:240px; margin: auto;"">
                                <img src=""images/D74.png"" style= ""width:200px""alt=""img"">
                            </div>
                        </div>","-42","html-slider-response","29","187795","0.0-25.0","h655nft9bk","11","92208","","","0","","","","justice","images/D74.png"
"NaN","<div style=""width:500px;"">
                            <p style=""font-size:50px; font-weight:bold;""
                            >justice</p>
                            <div style=""width:240px; margin: auto;"">
                                <img src=""images/D26.png"" style= ""width:200px""alt=""img"">
                            </div>
                        </div>","200","html-slider-response","30","189671","0.0-26.0","h655nft9bk","11","92208","","","0","","","","justice","images/D26.png"
"NaN","<div style=""width:500px;"">
                            <p style=""font-size:50px; font-weight:bold;""
                            >justice</p>
                            <div style=""width:240px; margin: auto;"">
                                <img src=""images/D57.png"" style= ""width:200px""alt=""img"">
                            </div>
                        </div>","143","html-slider-response","31","191998","0.0-27.0","h655nft9bk","11","92208","","","0","","","","justice","images/D57.png"
"NaN","<div style=""width:500px;"">
                            <p style=""font-size:50px; font-weight:bold;""
                            >justice</p>
                            <div style=""width:240px; margin: auto;"">
                                <img src=""images/D87.png"" style= ""width:200px""alt=""img"">
                            </div>
                        </div>","-97","html-slider-response","32","198072","0.0-28.0","h655nft9bk","11","92208","","","0","","","","justice","images/D87.png"
"NaN","<div style=""width:500px;"">
                            <p style=""font-size:50px; font-weight:bold;""
                            >justice</p>
                            <div style=""width:240px; margin: auto;"">
                                <img src=""images/D101.png"" style= ""width:200px""alt=""img"">
                            </div>
                        </div>","117","html-slider-response","33","202453","0.0-29.0","h655nft9bk","11","92208","","","0","","","","justice","images/D101.png"
"NaN","<div style=""width:500px;"">
                            <p style=""font-size:50px; font-weight:bold;""
                            >justice</p>
                            <div style=""width:240px; margin: auto;"">
                                <img src=""images/D46.png"" style= ""width:200px""alt=""img"">
                            </div>
                        </div>","165","html-slider-response","34","205630","0.0-30.0","h655nft9bk","11","92208","","","0","","","","justice","images/D46.png"
"NaN","<div style=""width:500px;"">
                            <p style=""font-size:50px; font-weight:bold;""
                            >justice</p>
                            <div style=""width:240px; margin: auto;"">
                                <img src=""images/D78.png"" style= ""width:200px""alt=""img"">
                            </div>
                        </div>","35","html-slider-response","35","208822","0.0-31.0","h655nft9bk","11","92208","","","0","","","","justice","images/D78.png"
"NaN","<div style=""width:500px;"">
                            <p style=""font-size:50px; font-weight:bold;""
                            >justice</p>
                            <div style=""width:240px; margin: auto;"">
                                <img src=""images/D49.png"" style= ""width:200px""alt=""img"">
                            </div>
                        </div>","122","html-slider-response","36","211526","0.0-32.0","h655nft9bk","11","92208","","","0","","","","justice","images/D49.png"
"NaN","<div style=""width:500px;"">
                            <p style=""font-size:50px; font-weight:bold;""
                            >justice</p>
                            <div style=""width:240px; margin: auto;"">
                                <img src=""images/D79.png"" style= ""width:200px""alt=""img"">
                            </div>
                        </div>","-50","html-slider-response","37","215350","0.0-33.0","h655nft9bk","11","92208","","","0","","","","justice","images/D79.png"
"NaN","<div style=""width:500px;"">
                            <p style=""font-size:50px; font-weight:bold;""
                            >justice</p>
                            <div style=""width:240px; margin: auto;"">
                                <img src=""images/D1.png"" style= ""width:200px""alt=""img"">
                            </div>
                        </div>","-71","html-slider-response","38","219640","0.0-34.0","h655nft9bk","11","92208","","","0","","","","justice","images/D1.png"
"NaN","<div style=""width:500px;"">
                            <p style=""font-size:50px; font-weight:bold;""
                            >justice</p>
                            <div style=""width:240px; margin: auto;"">
                                <img src=""images/D65.png"" style= ""width:200px""alt=""img"">
                            </div>
                        </div>","145","html-slider-response","39","225379","0.0-35.0","h655nft9bk","11","92208","","","0","","","","justice","images/D65.png"
"NaN","<div style=""width:500px;"">
                            <p style=""font-size:50px; font-weight:bold;""
                            >justice</p>
                            <div style=""width:240px; margin: auto;"">
                                <img src=""images/D85.png"" style= ""width:200px""alt=""img"">
                            </div>
                        </div>","-61","html-slider-response","40","229125","0.0-36.0","h655nft9bk","11","92208","","","0","","","","justice","images/D85.png"
"NaN","<div style=""width:500px;"">
                            <p style=""font-size:50px; font-weight:bold;""
                            >justice</p>
                            <div style=""width:240px; margin: auto;"">
                                <img src=""images/D34.png"" style= ""width:200px""alt=""img"">
                            </div>
                        </div>","100","html-slider-response","41","232911","0.0-37.0","h655nft9bk","11","92208","","","0","","","","justice","images/D34.png"
"NaN","<div style=""width:500px;"">
                            <p style=""font-size:50px; font-weight:bold;""
                            >justice</p>
                            <div style=""width:240px; margin: auto;"">
                                <img src=""images/D103.png"" style= ""width:200px""alt=""img"">
                            </div>
                        </div>","-147","html-slider-response","42","235401","0.0-38.0","h655nft9bk","11","92208","","","0","","","","justice","images/D103.png"
"NaN","<div style=""width:500px;"">
                            <p style=""font-size:50px; font-weight:bold;""
                            >justice</p>
                            <div style=""width:240px; margin: auto;"">
                                <img src=""images/D102.png"" style= ""width:200px""alt=""img"">
                            </div>
                        </div>","62","html-slider-response","43","238209","0.0-39.0","h655nft9bk","11","92208","","","0","","","","justice","images/D102.png"
"NaN","<div style=""width:500px;"">
                            <p style=""font-size:50px; font-weight:bold;""
                            >justice</p>
                            <div style=""width:240px; margin: auto;"">
                                <img src=""images/D105.png"" style= ""width:200px""alt=""img"">
                            </div>
                        </div>","-144","html-slider-response","44","241222","0.0-40.0","h655nft9bk","11","92208","","","0","","","","justice","images/D105.png"
"NaN","<div style=""width:500px;"">
                            <p style=""font-size:50px; font-weight:bold;""
                            >justice</p>
                            <div style=""width:240px; margin: auto;"">
                                <img src=""images/D64.png"" style= ""width:200px""alt=""img"">
                            </div>
                        </div>","53","html-slider-response","45","243784","0.0-41.0","h655nft9bk","11","92208","","","0","","","","justice","images/D64.png"
"NaN","<div style=""width:500px;"">
                            <p style=""font-size:50px; font-weight:bold;""
                            >justice</p>
                            <div style=""width:240px; margin: auto;"">
                                <img src=""images/D76.png"" style= ""width:200px""alt=""img"">
                            </div>
                        </div>","-94","html-slider-response","46","246371","0.0-42.0","h655nft9bk","11","92208","","","0","","","","justice","images/D76.png"
"NaN","<div style=""width:500px;"">
                            <p style=""font-size:50px; font-weight:bold;""
                            >justice</p>
                            <div style=""width:240px; margin: auto;"">
                                <img src=""images/D18.png"" style= ""width:200px""alt=""img"">
                            </div>
                        </div>","-94","html-slider-response","47","248615","0.0-43.0","h655nft9bk","11","92208","","","0","","","","justice","images/D18.png"
"NaN","<div style=""width:500px;"">
                            <p style=""font-size:50px; font-weight:bold;""
                            >justice</p>
                            <div style=""width:240px; margin: auto;"">
                                <img src=""images/D16.png"" style= ""width:200px""alt=""img"">
                            </div>
                        </div>","154","html-slider-response","48","251580","0.0-44.0","h655nft9bk","11","92208","","","0","","","","justice","images/D16.png"
"NaN","<div style=""width:500px;"">
                            <p style=""font-size:50px; font-weight:bold;""
                            >justice</p>
                            <div style=""width:240px; margin: auto;"">
                                <img src=""images/D8.png"" style= ""width:200px""alt=""img"">
                            </div>
                        </div>","38","html-slider-response","49","256634","0.0-45.0","h655nft9bk","11","92208","","","0","","","","justice","images/D8.png"
"NaN","<div style=""width:500px;"">
                            <p style=""font-size:50px; font-weight:bold;""
                            >justice</p>
                            <div style=""width:240px; margin: auto;"">
                                <img src=""images/D111.png"" style= ""width:200px""alt=""img"">
                            </div>
                        </div>","-190","html-slider-response","50","260764","0.0-46.0","h655nft9bk","11","92208","","","0","","","","justice","images/D111.png"
"NaN","<div style=""width:500px;"">
                            <p style=""font-size:50px; font-weight:bold;""
                            >justice</p>
                            <div style=""width:240px; margin: auto;"">
                                <img src=""images/D11.png"" style= ""width:200px""alt=""img"">
                            </div>
                        </div>","54","html-slider-response","51","263169","0.0-47.0","h655nft9bk","11","92208","","","0","","","","justice","images/D11.png"
"NaN","<div style=""width:500px;"">
                            <p style=""font-size:50px; font-weight:bold;""
                            >justice</p>
                            <div style=""width:240px; margin: auto;"">
                                <img src=""images/D82.png"" style= ""width:200px""alt=""img"">
                            </div>
                        </div>","-111","html-slider-response","52","265644","0.0-48.0","h655nft9bk","11","92208","","","0","","","","justice","images/D82.png"
"NaN","<div style=""width:500px;"">
                            <p style=""font-size:50px; font-weight:bold;""
                            >justice</p>
                            <div style=""width:240px; margin: auto;"">
                                <img src=""images/D20.png"" style= ""width:200px""alt=""img"">
                            </div>
                        </div>","98","html-slider-response","53","270089","0.0-49.0","h655nft9bk","11","92208","","","0","","","","justice","images/D20.png"
"NaN","<div style=""width:500px;"">
                            <p style=""font-size:50px; font-weight:bold;""
                            >justice</p>
                            <div style=""width:240px; margin: auto;"">
                                <img src=""images/D68.png"" style= ""width:200px""alt=""img"">
                            </div>
                        </div>","-200","html-slider-response","54","272278","0.0-50.0","h655nft9bk","11","92208","","","0","","","","justice","images/D68.png"
"NaN","<div style=""width:500px;"">
                            <p style=""font-size:50px; font-weight:bold;""
                            >justice</p>
                            <div style=""width:240px; margin: auto;"">
                                <img src=""images/D56.png"" style= ""width:200px""alt=""img"">
                            </div>
                        </div>","71","html-slider-response","55","275219","0.0-51.0","h655nft9bk","11","92208","","","0","","","","justice","images/D56.png"
"NaN","<div style=""width:500px;"">
                            <p style=""font-size:50px; font-weight:bold;""
                            >justice</p>
                            <div style=""width:240px; margin: auto;"">
                                <img src=""images/D51.png"" style= ""width:200px""alt=""img"">
                            </div>
                        </div>","-156","html-slider-response","56","278475","0.0-52.0","h655nft9bk","11","92208","","","0","","","","justice","images/D51.png"
"NaN","<div style=""width:500px;"">
                            <p style=""font-size:50px; font-weight:bold;""
                            >justice</p>
                            <div style=""width:240px; margin: auto;"">
                                <img src=""images/D92.png"" style= ""width:200px""alt=""img"">
                            </div>
                        </div>","-100","html-slider-response","57","281108","0.0-53.0","h655nft9bk","11","92208","","","0","","","","justice","images/D92.png"
"NaN","<div style=""width:500px;"">
                            <p style=""font-size:50px; font-weight:bold;""
                            >justice</p>
                            <div style=""width:240px; margin: auto;"">
                                <img src=""images/D47.png"" style= ""width:200px""alt=""img"">
                            </div>
                        </div>","43","html-slider-response","58","287615","0.0-54.0","h655nft9bk","11","92208","","","0","","","","justice","images/D47.png"
"NaN","<div style=""width:500px;"">
                            <p style=""font-size:50px; font-weight:bold;""
                            >justice</p>
                            <div style=""width:240px; margin: auto;"">
                                <img src=""images/D84.png"" style= ""width:200px""alt=""img"">
                            </div>
                        </div>","-66","html-slider-response","59","290758","0.0-55.0","h655nft9bk","11","92208","","","0","","","","justice","images/D84.png"
"NaN","<div style=""width:500px;"">
                            <p style=""font-size:50px; font-weight:bold;""
                            >justice</p>
                            <div style=""width:240px; margin: auto;"">
                                <img src=""images/D66.png"" style= ""width:200px""alt=""img"">
                            </div>
                        </div>","-50","html-slider-response","60","293166","0.0-56.0","h655nft9bk","11","92208","","","0","","","","justice","images/D66.png"
"NaN","<div style=""width:500px;"">
                            <p style=""font-size:50px; font-weight:bold;""
                            >justice</p>
                            <div style=""width:240px; margin: auto;"">
                                <img src=""images/D94.png"" style= ""width:200px""alt=""img"">
                            </div>
                        </div>","57","html-slider-response","61","296252","0.0-57.0","h655nft9bk","11","92208","","","0","","","","justice","images/D94.png"
"NaN","<div style=""width:500px;"">
                            <p style=""font-size:50px; font-weight:bold;""
                            >justice</p>
                            <div style=""width:240px; margin: auto;"">
                                <img src=""images/D4.png"" style= ""width:200px""alt=""img"">
                            </div>
                        </div>","13","html-slider-response","62","302192","0.0-58.0","h655nft9bk","11","92208","","","0","","","","justice","images/D4.png"
"NaN","<div style=""width:500px;"">
                            <p style=""font-size:50px; font-weight:bold;""
                            >justice</p>
                            <div style=""width:240px; margin: auto;"">
                                <img src=""images/D19.png"" style= ""width:200px""alt=""img"">
                            </div>
                        </div>","-168","html-slider-response","63","305675","0.0-59.0","h655nft9bk","11","92208","","","0","","","","justice","images/D19.png"
"NaN","<div style=""width:500px;"">
                            <p style=""font-size:50px; font-weight:bold;""
                            >justice</p>
                            <div style=""width:240px; margin: auto;"">
                                <img src=""images/D35.png"" style= ""width:200px""alt=""img"">
                            </div>
                        </div>","-6","html-slider-response","64","308346","0.0-60.0","h655nft9bk","11","92208","","","0","","","","justice","images/D35.png"
"NaN","<div style=""width:500px;"">
                            <p style=""font-size:50px; font-weight:bold;""
                            >justice</p>
                            <div style=""width:240px; margin: auto;"">
                                <img src=""images/D36.png"" style= ""width:200px""alt=""img"">
                            </div>
                        </div>","-76","html-slider-response","65","310732","0.0-61.0","h655nft9bk","11","92208","","","0","","","","justice","images/D36.png"
"NaN","<div style=""width:500px;"">
                            <p style=""font-size:50px; font-weight:bold;""
                            >justice</p>
                            <div style=""width:240px; margin: auto;"">
                                <img src=""images/D17.png"" style= ""width:200px""alt=""img"">
                            </div>
                        </div>","71","html-slider-response","66","313930","0.0-62.0","h655nft9bk","11","92208","","","0","","","","justice","images/D17.png"
"NaN","<div style=""width:500px;"">
                            <p style=""font-size:50px; font-weight:bold;""
                            >justice</p>
                            <div style=""width:240px; margin: auto;"">
                                <img src=""images/D53.png"" style= ""width:200px""alt=""img"">
                            </div>
                        </div>","171","html-slider-response","67","316470","0.0-63.0","h655nft9bk","11","92208","","","0","","","","justice","images/D53.png"
"NaN","<div style=""width:500px;"">
                            <p style=""font-size:50px; font-weight:bold;""
                            >justice</p>
                            <div style=""width:240px; margin: auto;"">
                                <img src=""images/D83.png"" style= ""width:200px""alt=""img"">
                            </div>
                        </div>","134","html-slider-response","68","320410","0.0-64.0","h655nft9bk","11","92208","","","0","","","","justice","images/D83.png"
"NaN","<div style=""width:500px;"">
                            <p style=""font-size:50px; font-weight:bold;""
                            >justice</p>
                            <div style=""width:240px; margin: auto;"">
                                <img src=""images/D25.png"" style= ""width:200px""alt=""img"">
                            </div>
                        </div>","74","html-slider-response","69","323678","0.0-65.0","h655nft9bk","11","92208","","","0","","","","justice","images/D25.png"
"2901","<p>Great Job! You've finished block 1.<br></br> You have 4 block(s) left to go.<br></br></p>","0","html-button-response","70","327087","0.0-66.0","h655nft9bk","11","92208","","","","","","","",""
"NaN","<div style=""width:500px;"">
                            <p style=""font-size:50px; font-weight:bold;""
                            >love</p>
                            <div style=""width:240px; margin: auto;"">
                                <img src=""images/D105.png"" style= ""width:200px""alt=""img"">
                            </div>
                        </div>","-86","html-slider-response","71","339613","0.0-67.0","h655nft9bk","11","92208","","","0","","","","love","images/D105.png"
"NaN","<div style=""width:500px;"">
                            <p style=""font-size:50px; font-weight:bold;""
                            >love</p>
                            <div style=""width:240px; margin: auto;"">
                                <img src=""images/D8.png"" style= ""width:200px""alt=""img"">
                            </div>
                        </div>","-35","html-slider-response","72","347747","0.0-68.0","h655nft9bk","11","92208","","","0","","","","love","images/D8.png"
"NaN","<div style=""width:500px;"">
                            <p style=""font-size:50px; font-weight:bold;""
                            >justice</p>
                            <div style=""width:240px; margin: auto;"">
                                <img src=""images/D55.png"" style= ""width:200px""alt=""img"">
                            </div>
                        </div>","-1","html-slider-response","73","349248","0.0-69.0","h655nft9bk","11","92208","","","0","","","","justice","images/D55.png"
"NaN","<div style=""width:500px;"">
                            <p style=""font-size:50px; font-weight:bold;""
                            >justice</p>
                            <div style=""width:240px; margin: auto;"">
                                <img src=""images/D35.png"" style= ""width:200px""alt=""img"">
                            </div>
                        </div>","-87","html-slider-response","74","352220","0.0-70.0","h655nft9bk","11","92208","","","0","","","","justice","images/D35.png"
"NaN","<div style=""width:500px;"">
                            <p style=""font-size:50px; font-weight:bold;""
                            >justice</p>
                            <div style=""width:240px; margin: auto;"">
                                <img src=""images/D75.png"" style= ""width:200px""alt=""img"">
                            </div>
                        </div>","85","html-slider-response","75","356681","0.0-71.0","h655nft9bk","11","92208","","","0","","","","justice","images/D75.png"
"NaN","<div style=""width:500px;"">
                            <p style=""font-size:50px; font-weight:bold;""
                            >love</p>
                            <div style=""width:240px; margin: auto;"">
                                <img src=""images/D75.png"" style= ""width:200px""alt=""img"">
                            </div>
                        </div>","82","html-slider-response","76","359597","0.0-72.0","h655nft9bk","11","92208","","","0","","","","love","images/D75.png"
"NaN","<div style=""width:500px;"">
                            <p style=""font-size:50px; font-weight:bold;""
                            >justice</p>
                            <div style=""width:240px; margin: auto;"">
                                <img src=""images/D66.png"" style= ""width:200px""alt=""img"">
                            </div>
                        </div>","-200","html-slider-response","77","363175","0.0-73.0","h655nft9bk","11","92208","","","0","","","","justice","images/D66.png"
"NaN","<div style=""width:500px;"">
                            <p style=""font-size:50px; font-weight:bold;""
                            >justice</p>
                            <div style=""width:240px; margin: auto;"">
                                <img src=""images/D87.png"" style= ""width:200px""alt=""img"">
                            </div>
                        </div>","-200","html-slider-response","78","365284","0.0-74.0","h655nft9bk","11","92208","","","0","","","","justice","images/D87.png"
"NaN","<div style=""width:500px;"">
                            <p style=""font-size:50px; font-weight:bold;""
                            >justice</p>
                            <div style=""width:240px; margin: auto;"">
                                <img src=""images/D92.png"" style= ""width:200px""alt=""img"">
                            </div>
                        </div>","-64","html-slider-response","79","367758","0.0-75.0","h655nft9bk","11","92208","","","0","","","","justice","images/D92.png"
"NaN","<div style=""width:500px;"">
                            <p style=""font-size:50px; font-weight:bold;""
                            >justice</p>
                            <div style=""width:240px; margin: auto;"">
                                <img src=""images/D56.png"" style= ""width:200px""alt=""img"">
                            </div>
                        </div>","152","html-slider-response","80","370371","0.0-76.0","h655nft9bk","11","92208","","","0","","","","justice","images/D56.png"
"NaN","<div style=""width:500px;"">
                            <p style=""font-size:50px; font-weight:bold;""
                            >love</p>
                            <div style=""width:240px; margin: auto;"">
                                <img src=""images/D81.png"" style= ""width:200px""alt=""img"">
                            </div>
                        </div>","-79","html-slider-response","81","372250","0.0-77.0","h655nft9bk","11","92208","","","0","","","","love","images/D81.png"
"NaN","<div style=""width:500px;"">
                            <p style=""font-size:50px; font-weight:bold;""
                            >justice</p>
                            <div style=""width:240px; margin: auto;"">
                                <img src=""images/D19.png"" style= ""width:200px""alt=""img"">
                            </div>
                        </div>","-36","html-slider-response","82","374236","0.0-78.0","h655nft9bk","11","92208","","","0","","","","justice","images/D19.png"
"NaN","<div style=""width:500px;"">
                            <p style=""font-size:50px; font-weight:bold;""
                            >love</p>
                            <div style=""width:240px; margin: auto;"">
                                <img src=""images/D53.png"" style= ""width:200px""alt=""img"">
                            </div>
                        </div>","82","html-slider-response","83","376916","0.0-79.0","h655nft9bk","11","92208","","","0","","","","love","images/D53.png"
"NaN","<div style=""width:500px;"">
                            <p style=""font-size:50px; font-weight:bold;""
                            >justice</p>
                            <div style=""width:240px; margin: auto;"">
                                <img src=""images/D76.png"" style= ""width:200px""alt=""img"">
                            </div>
                        </div>","-65","html-slider-response","84","380245","0.0-80.0","h655nft9bk","11","92208","","","0","","","","justice","images/D76.png"
"NaN","<div style=""width:500px;"">
                            <p style=""font-size:50px; font-weight:bold;""
                            >love</p>
                            <div style=""width:240px; margin: auto;"">
                                <img src=""images/D65.png"" style= ""width:200px""alt=""img"">
                            </div>
                        </div>","159","html-slider-response","85","383118","0.0-81.0","h655nft9bk","11","92208","","","0","","","","love","images/D65.png"
"NaN","<div style=""width:500px;"">
                            <p style=""font-size:50px; font-weight:bold;""
                            >justice</p>
                            <div style=""width:240px; margin: auto;"">
                                <img src=""images/D84.png"" style= ""width:200px""alt=""img"">
                            </div>
                        </div>","-42","html-slider-response","86","385302","0.0-82.0","h655nft9bk","11","92208","","","0","","","","justice","images/D84.png"
"NaN","<div style=""width:500px;"">
                            <p style=""font-size:50px; font-weight:bold;""
                            >justice</p>
                            <div style=""width:240px; margin: auto;"">
                                <img src=""images/D95.png"" style= ""width:200px""alt=""img"">
                            </div>
                        </div>","-61","html-slider-response","87","388975","0.0-83.0","h655nft9bk","11","92208","","","0","","","","justice","images/D95.png"
"NaN","<div style=""width:500px;"">
                            <p style=""font-size:50px; font-weight:bold;""
                            >justice</p>
                            <div style=""width:240px; margin: auto;"">
                                <img src=""images/D102.png"" style= ""width:200px""alt=""img"">
                            </div>
                        </div>","166","html-slider-response","88","394004","0.0-84.0","h655nft9bk","11","92208","","","0","","","","justice","images/D102.png"
"NaN","<div style=""width:500px;"">
                            <p style=""font-size:50px; font-weight:bold;""
                            >love</p>
                            <div style=""width:240px; margin: auto;"">
                                <img src=""images/D37.png"" style= ""width:200px""alt=""img"">
                            </div>
                        </div>","200","html-slider-response","89","396191","0.0-85.0","h655nft9bk","11","92208","","","0","","","","love","images/D37.png"
"NaN","<div style=""width:500px;"">
                            <p style=""font-size:50px; font-weight:bold;""
                            >love</p>
                            <div style=""width:240px; margin: auto;"">
                                <img src=""images/D76.png"" style= ""width:200px""alt=""img"">
                            </div>
                        </div>","-83","html-slider-response","90","398188","0.0-86.0","h655nft9bk","11","92208","","","0","","","","love","images/D76.png"
"NaN","<div style=""width:500px;"">
                            <p style=""font-size:50px; font-weight:bold;""
                            >justice</p>
                            <div style=""width:240px; margin: auto;"">
                                <img src=""images/D20.png"" style= ""width:200px""alt=""img"">
                            </div>
                        </div>","64","html-slider-response","91","400148","0.0-87.0","h655nft9bk","11","92208","","","0","","","","justice","images/D20.png"
"NaN","<div style=""width:500px;"">
                            <p style=""font-size:50px; font-weight:bold;""
                            >love</p>
                            <div style=""width:240px; margin: auto;"">
                                <img src=""images/D79.png"" style= ""width:200px""alt=""img"">
                            </div>
                        </div>","-110","html-slider-response","92","402348","0.0-88.0","h655nft9bk","11","92208","","","0","","","","love","images/D79.png"
"NaN","<div style=""width:500px;"">
                            <p style=""font-size:50px; font-weight:bold;""
                            >love</p>
                            <div style=""width:240px; margin: auto;"">
                                <img src=""images/D101.png"" style= ""width:200px""alt=""img"">
                            </div>
                        </div>","143","html-slider-response","93","404120","0.0-89.0","h655nft9bk","11","92208","","","0","","","","love","images/D101.png"
"NaN","<div style=""width:500px;"">
                            <p style=""font-size:50px; font-weight:bold;""
                            >love</p>
                            <div style=""width:240px; margin: auto;"">
                                <img src=""images/D96.png"" style= ""width:200px""alt=""img"">
                            </div>
                        </div>","-200","html-slider-response","94","407502","0.0-90.0","h655nft9bk","11","92208","","","0","","","","love","images/D96.png"
"NaN","<div style=""width:500px;"">
                            <p style=""font-size:50px; font-weight:bold;""
                            >justice</p>
                            <div style=""width:240px; margin: auto;"">
                                <img src=""images/D78.png"" style= ""width:200px""alt=""img"">
                            </div>
                        </div>","-58","html-slider-response","95","411081","0.0-91.0","h655nft9bk","11","92208","","","0","","","","justice","images/D78.png"
"NaN","<div style=""width:500px;"">
                            <p style=""font-size:50px; font-weight:bold;""
                            >love</p>
                            <div style=""width:240px; margin: auto;"">
                                <img src=""images/D34.png"" style= ""width:200px""alt=""img"">
                            </div>
                        </div>","76","html-slider-response","96","414386","0.0-92.0","h655nft9bk","11","92208","","","0","","","","love","images/D34.png"
"NaN","<div style=""width:500px;"">
                            <p style=""font-size:50px; font-weight:bold;""
                            >justice</p>
                            <div style=""width:240px; margin: auto;"">
                                <img src=""images/D68.png"" style= ""width:200px""alt=""img"">
                            </div>
                        </div>","-78","html-slider-response","97","416610","0.0-93.0","h655nft9bk","11","92208","","","0","","","","justice","images/D68.png"
"NaN","<div style=""width:500px;"">
                            <p style=""font-size:50px; font-weight:bold;""
                            >love</p>
                            <div style=""width:240px; margin: auto;"">
                                <img src=""images/D48.png"" style= ""width:200px""alt=""img"">
                            </div>
                        </div>","-44","html-slider-response","98","419093","0.0-94.0","h655nft9bk","11","92208","","","0","","","","love","images/D48.png"
"NaN","<div style=""width:500px;"">
                            <p style=""font-size:50px; font-weight:bold;""
                            >love</p>
                            <div style=""width:240px; margin: auto;"">
                                <img src=""images/D4.png"" style= ""width:200px""alt=""img"">
                            </div>
                        </div>","50","html-slider-response","99","427378","0.0-95.0","h655nft9bk","11","92208","","","0","","","","love","images/D4.png"
"NaN","<div style=""width:500px;"">
                            <p style=""font-size:50px; font-weight:bold;""
                            >justice</p>
                            <div style=""width:240px; margin: auto;"">
                                <img src=""images/D49.png"" style= ""width:200px""alt=""img"">
                            </div>
                        </div>","139","html-slider-response","100","430332","0.0-96.0","h655nft9bk","11","92208","","","0","","","","justice","images/D49.png"
"NaN","<div style=""width:500px;"">
                            <p style=""font-size:50px; font-weight:bold;""
                            >justice</p>
                            <div style=""width:240px; margin: auto;"">
                                <img src=""images/D65.png"" style= ""width:200px""alt=""img"">
                            </div>
                        </div>","200","html-slider-response","101","432903","0.0-97.0","h655nft9bk","11","92208","","","0","","","","justice","images/D65.png"
"NaN","<div style=""width:500px;"">
                            <p style=""font-size:50px; font-weight:bold;""
                            >love</p>
                            <div style=""width:240px; margin: auto;"">
                                <img src=""images/D68.png"" style= ""width:200px""alt=""img"">
                            </div>
                        </div>","-66","html-slider-response","102","435219","0.0-98.0","h655nft9bk","11","92208","","","0","","","","love","images/D68.png"
"NaN","<div style=""width:500px;"">
                            <p style=""font-size:50px; font-weight:bold;""
                            >love</p>
                            <div style=""width:240px; margin: auto;"">
                                <img src=""images/D94.png"" style= ""width:200px""alt=""img"">
                            </div>
                        </div>","166","html-slider-response","103","438345","0.0-99.0","h655nft9bk","11","92208","","","0","","","","love","images/D94.png"
"NaN","<div style=""width:500px;"">
                            <p style=""font-size:50px; font-weight:bold;""
                            >justice</p>
                            <div style=""width:240px; margin: auto;"">
                                <img src=""images/D57.png"" style= ""width:200px""alt=""img"">
                            </div>
                        </div>","61","html-slider-response","104","440366","0.0-100.0","h655nft9bk","11","92208","","","0","","","","justice","images/D57.png"
"NaN","<div style=""width:500px;"">
                            <p style=""font-size:50px; font-weight:bold;""
                            >love</p>
                            <div style=""width:240px; margin: auto;"">
                                <img src=""images/D84.png"" style= ""width:200px""alt=""img"">
                            </div>
                        </div>","-84","html-slider-response","105","442163","0.0-101.0","h655nft9bk","11","92208","","","0","","","","love","images/D84.png"
"NaN","<div style=""width:500px;"">
                            <p style=""font-size:50px; font-weight:bold;""
                            >justice</p>
                            <div style=""width:240px; margin: auto;"">
                                <img src=""images/D1.png"" style= ""width:200px""alt=""img"">
                            </div>
                        </div>","118","html-slider-response","106","444451","0.0-102.0","h655nft9bk","11","92208","","","0","","","","justice","images/D1.png"
"NaN","<div style=""width:500px;"">
                            <p style=""font-size:50px; font-weight:bold;""
                            >justice</p>
                            <div style=""width:240px; margin: auto;"">
                                <img src=""images/D105.png"" style= ""width:200px""alt=""img"">
                            </div>
                        </div>","-37","html-slider-response","107","446530","0.0-103.0","h655nft9bk","11","92208","","","0","","","","justice","images/D105.png"
"NaN","<div style=""width:500px;"">
                            <p style=""font-size:50px; font-weight:bold;""
                            >love</p>
                            <div style=""width:240px; margin: auto;"">
                                <img src=""images/D46.png"" style= ""width:200px""alt=""img"">
                            </div>
                        </div>","101","html-slider-response","108","448678","0.0-104.0","h655nft9bk","11","92208","","","0","","","","love","images/D46.png"
"NaN","<div style=""width:500px;"">
                            <p style=""font-size:50px; font-weight:bold;""
                            >justice</p>
                            <div style=""width:240px; margin: auto;"">
                                <img src=""images/D16.png"" style= ""width:200px""alt=""img"">
                            </div>
                        </div>","-57","html-slider-response","109","451291","0.0-105.0","h655nft9bk","11","92208","","","0","","","","justice","images/D16.png"
"NaN","<div style=""width:500px;"">
                            <p style=""font-size:50px; font-weight:bold;""
                            >justice</p>
                            <div style=""width:240px; margin: auto;"">
                                <img src=""images/D82.png"" style= ""width:200px""alt=""img"">
                            </div>
                        </div>","-144","html-slider-response","110","454070","0.0-106.0","h655nft9bk","11","92208","","","0","","","","justice","images/D82.png"
"NaN","<div style=""width:500px;"">
                            <p style=""font-size:50px; font-weight:bold;""
                            >love</p>
                            <div style=""width:240px; margin: auto;"">
                                <img src=""images/D103.png"" style= ""width:200px""alt=""img"">
                            </div>
                        </div>","-154","html-slider-response","111","455975","0.0-107.0","h655nft9bk","11","92208","","","0","","","","love","images/D103.png"
"NaN","<div style=""width:500px;"">
                            <p style=""font-size:50px; font-weight:bold;""
                            >justice</p>
                            <div style=""width:240px; margin: auto;"">
                                <img src=""images/D11.png"" style= ""width:200px""alt=""img"">
                            </div>
                        </div>","93","html-slider-response","112","465141","0.0-108.0","h655nft9bk","11","92208","","","0","","","","justice","images/D11.png"
"NaN","<div style=""width:500px;"">
                            <p style=""font-size:50px; font-weight:bold;""
                            >love</p>
                            <div style=""width:240px; margin: auto;"">
                                <img src=""images/D19.png"" style= ""width:200px""alt=""img"">
                            </div>
                        </div>","-122","html-slider-response","113","469301","0.0-109.0","h655nft9bk","11","92208","","","0","","","","love","images/D19.png"
"NaN","<div style=""width:500px;"">
                            <p style=""font-size:50px; font-weight:bold;""
                            >justice</p>
                            <div style=""width:240px; margin: auto;"">
                                <img src=""images/D36.png"" style= ""width:200px""alt=""img"">
                            </div>
                        </div>","-66","html-slider-response","114","473019","0.0-110.0","h655nft9bk","11","92208","","","0","","","","justice","images/D36.png"
"NaN","<div style=""width:500px;"">
                            <p style=""font-size:50px; font-weight:bold;""
                            >justice</p>
                            <div style=""width:240px; margin: auto;"">
                                <img src=""images/D77.png"" style= ""width:200px""alt=""img"">
                            </div>
                        </div>","106","html-slider-response","115","477291","0.0-111.0","h655nft9bk","11","92208","","","0","","","","justice","images/D77.png"
"NaN","<div style=""width:500px;"">
                            <p style=""font-size:50px; font-weight:bold;""
                            >love</p>
                            <div style=""width:240px; margin: auto;"">
                                <img src=""images/D17.png"" style= ""width:200px""alt=""img"">
                            </div>
                        </div>","35","html-slider-response","116","485715","0.0-112.0","h655nft9bk","11","92208","","","0","","","","love","images/D17.png"
"NaN","<div style=""width:500px;"">
                            <p style=""font-size:50px; font-weight:bold;""
                            >justice</p>
                            <div style=""width:240px; margin: auto;"">
                                <img src=""images/D22.png"" style= ""width:200px""alt=""img"">
                            </div>
                        </div>","-97","html-slider-response","117","488463","0.0-113.0","h655nft9bk","11","92208","","","0","","","","justice","images/D22.png"
"NaN","<div style=""width:500px;"">
                            <p style=""font-size:50px; font-weight:bold;""
                            >justice</p>
                            <div style=""width:240px; margin: auto;"">
                                <img src=""images/D85.png"" style= ""width:200px""alt=""img"">
                            </div>
                        </div>","-28","html-slider-response","118","491989","0.0-114.0","h655nft9bk","11","92208","","","0","","","","justice","images/D85.png"
"NaN","<div style=""width:500px;"">
                            <p style=""font-size:50px; font-weight:bold;""
                            >love</p>
                            <div style=""width:240px; margin: auto;"">
                                <img src=""images/D78.png"" style= ""width:200px""alt=""img"">
                            </div>
                        </div>","-90","html-slider-response","119","494614","0.0-115.0","h655nft9bk","11","92208","","","0","","","","love","images/D78.png"
"NaN","<div style=""width:500px;"">
                            <p style=""font-size:50px; font-weight:bold;""
                            >love</p>
                            <div style=""width:240px; margin: auto;"">
                                <img src=""images/D26.png"" style= ""width:200px""alt=""img"">
                            </div>
                        </div>","156","html-slider-response","120","497363","0.0-116.0","h655nft9bk","11","92208","","","0","","","","love","images/D26.png"
"NaN","<div style=""width:500px;"">
                            <p style=""font-size:50px; font-weight:bold;""
                            >justice</p>
                            <div style=""width:240px; margin: auto;"">
                                <img src=""images/D14.png"" style= ""width:200px""alt=""img"">
                            </div>
                        </div>","117","html-slider-response","121","499870","0.0-117.0","h655nft9bk","11","92208","","","0","","","","justice","images/D14.png"
"NaN","<div style=""width:500px;"">
                            <p style=""font-size:50px; font-weight:bold;""
                            >love</p>
                            <div style=""width:240px; margin: auto;"">
                                <img src=""images/D111.png"" style= ""width:200px""alt=""img"">
                            </div>
                        </div>","-56","html-slider-response","122","502261","0.0-118.0","h655nft9bk","11","92208","","","0","","","","love","images/D111.png"
"NaN","<div style=""width:500px;"">
                            <p style=""font-size:50px; font-weight:bold;""
                            >love</p>
                            <div style=""width:240px; margin: auto;"">
                                <img src=""images/D36.png"" style= ""width:200px""alt=""img"">
                            </div>
                        </div>","-84","html-slider-response","123","504953","0.0-119.0","h655nft9bk","11","92208","","","0","","","","love","images/D36.png"
"NaN","<div style=""width:500px;"">
                            <p style=""font-size:50px; font-weight:bold;""
                            >justice</p>
                            <div style=""width:240px; margin: auto;"">
                                <img src=""images/D48.png"" style= ""width:200px""alt=""img"">
                            </div>
                        </div>","45","html-slider-response","124","508801","0.0-120.0","h655nft9bk","11","92208","","","0","","","","justice","images/D48.png"
"NaN","<div style=""width:500px;"">
                            <p style=""font-size:50px; font-weight:bold;""
                            >justice</p>
                            <div style=""width:240px; margin: auto;"">
                                <img src=""images/D64.png"" style= ""width:200px""alt=""img"">
                            </div>
                        </div>","136","html-slider-response","125","512950","0.0-121.0","h655nft9bk","11","92208","","","0","","","","justice","images/D64.png"
"NaN","<div style=""width:500px;"">
                            <p style=""font-size:50px; font-weight:bold;""
                            >justice</p>
                            <div style=""width:240px; margin: auto;"">
                                <img src=""images/D103.png"" style= ""width:200px""alt=""img"">
                            </div>
                        </div>","-115","html-slider-response","126","515348","0.0-122.0","h655nft9bk","11","92208","","","0","","","","justice","images/D103.png"
"NaN","<div style=""width:500px;"">
                            <p style=""font-size:50px; font-weight:bold;""
                            >love</p>
                            <div style=""width:240px; margin: auto;"">
                                <img src=""images/D55.png"" style= ""width:200px""alt=""img"">
                            </div>
                        </div>","69","html-slider-response","127","517926","0.0-123.0","h655nft9bk","11","92208","","","0","","","","love","images/D55.png"
"NaN","<div style=""width:500px;"">
                            <p style=""font-size:50px; font-weight:bold;""
                            >justice</p>
                            <div style=""width:240px; margin: auto;"">
                                <img src=""images/D52.png"" style= ""width:200px""alt=""img"">
                            </div>
                        </div>","79","html-slider-response","128","522390","0.0-124.0","h655nft9bk","11","92208","","","0","","","","justice","images/D52.png"
"NaN","<div style=""width:500px;"">
                            <p style=""font-size:50px; font-weight:bold;""
                            >justice</p>
                            <div style=""width:240px; margin: auto;"">
                                <img src=""images/D53.png"" style= ""width:200px""alt=""img"">
                            </div>
                        </div>","98","html-slider-response","129","525478","0.0-125.0","h655nft9bk","11","92208","","","0","","","","justice","images/D53.png"
"NaN","<div style=""width:500px;"">
                            <p style=""font-size:50px; font-weight:bold;""
                            >love</p>
                            <div style=""width:240px; margin: auto;"">
                                <img src=""images/D25.png"" style= ""width:200px""alt=""img"">
                            </div>
                        </div>","200","html-slider-response","130","527860","0.0-126.0","h655nft9bk","11","92208","","","0","","","","love","images/D25.png"
"NaN","<div style=""width:500px;"">
                            <p style=""font-size:50px; font-weight:bold;""
                            >love</p>
                            <div style=""width:240px; margin: auto;"">
                                <img src=""images/D18.png"" style= ""width:200px""alt=""img"">
                            </div>
                        </div>","-59","html-slider-response","131","530109","0.0-127.0","h655nft9bk","11","92208","","","0","","","","love","images/D18.png"
"NaN","<div style=""width:500px;"">
                            <p style=""font-size:50px; font-weight:bold;""
                            >love</p>
                            <div style=""width:240px; margin: auto;"">
                                <img src=""images/D11.png"" style= ""width:200px""alt=""img"">
                            </div>
                        </div>","45","html-slider-response","132","532746","0.0-128.0","h655nft9bk","11","92208","","","0","","","","love","images/D11.png"
"NaN","<div style=""width:500px;"">
                            <p style=""font-size:50px; font-weight:bold;""
                            >justice</p>
                            <div style=""width:240px; margin: auto;"">
                                <img src=""images/D104.png"" style= ""width:200px""alt=""img"">
                            </div>
                        </div>","-112","html-slider-response","133","534888","0.0-129.0","h655nft9bk","11","92208","","","0","","","","justice","images/D104.png"
"NaN","<div style=""width:500px;"">
                            <p style=""font-size:50px; font-weight:bold;""
                            >justice</p>
                            <div style=""width:240px; margin: auto;"">
                                <img src=""images/D83.png"" style= ""width:200px""alt=""img"">
                            </div>
                        </div>","135","html-slider-response","134","537933","0.0-130.0","h655nft9bk","11","92208","","","0","","","","justice","images/D83.png"
"NaN","<div style=""width:500px;"">
                            <p style=""font-size:50px; font-weight:bold;""
                            >love</p>
                            <div style=""width:240px; margin: auto;"">
                                <img src=""images/D87.png"" style= ""width:200px""alt=""img"">
                            </div>
                        </div>","-200","html-slider-response","135","542983","0.0-131.0","h655nft9bk","11","92208","","","0","","","","love","images/D87.png"
"NaN","<div style=""width:500px;"">
                            <p style=""font-size:50px; font-weight:bold;""
                            >love</p>
                            <div style=""width:240px; margin: auto;"">
                                <img src=""images/D92.png"" style= ""width:200px""alt=""img"">
                            </div>
                        </div>","19","html-slider-response","136","546373","0.0-132.0","h655nft9bk","11","92208","","","0","","","","love","images/D92.png"
"NaN","<div style=""width:500px;"">
                            <p style=""font-size:50px; font-weight:bold;""
                            >love</p>
                            <div style=""width:240px; margin: auto;"">
                                <img src=""images/D22.png"" style= ""width:200px""alt=""img"">
                            </div>
                        </div>","-82","html-slider-response","137","548624","0.0-133.0","h655nft9bk","11","92208","","","0","","","","love","images/D22.png"
"NaN","<div style=""width:500px;"">
                            <p style=""font-size:50px; font-weight:bold;""
                            >love</p>
                            <div style=""width:240px; margin: auto;"">
                                <img src=""images/D49.png"" style= ""width:200px""alt=""img"">
                            </div>
                        </div>","161","html-slider-response","138","553447","0.0-134.0","h655nft9bk","11","92208","","","0","","","","love","images/D49.png"
"NaN","<div style=""width:500px;"">
                            <p style=""font-size:50px; font-weight:bold;""
                            >love</p>
                            <div style=""width:240px; margin: auto;"">
                                <img src=""images/D51.png"" style= ""width:200px""alt=""img"">
                            </div>
                        </div>","-200","html-slider-response","139","555936","0.0-135.0","h655nft9bk","11","92208","","","0","","","","love","images/D51.png"
"NaN","<div style=""width:500px;"">
                            <p style=""font-size:50px; font-weight:bold;""
                            >love</p>
                            <div style=""width:240px; margin: auto;"">
                                <img src=""images/D16.png"" style= ""width:200px""alt=""img"">
                            </div>
                        </div>","48","html-slider-response","140","559007","0.0-136.0","h655nft9bk","11","92208","","","0","","","","love","images/D16.png"
"NaN","<div style=""width:500px;"">
                            <p style=""font-size:50px; font-weight:bold;""
                            >love</p>
                            <div style=""width:240px; margin: auto;"">
                                <img src=""images/D56.png"" style= ""width:200px""alt=""img"">
                            </div>
                        </div>","160","html-slider-response","141","562161","0.0-137.0","h655nft9bk","11","92208","","","0","","","","love","images/D56.png"
"NaN","<div style=""width:500px;"">
                            <p style=""font-size:50px; font-weight:bold;""
                            >love</p>
                            <div style=""width:240px; margin: auto;"">
                                <img src=""images/D57.png"" style= ""width:200px""alt=""img"">
                            </div>
                        </div>","22","html-slider-response","142","565500","0.0-138.0","h655nft9bk","11","92208","","","0","","","","love","images/D57.png"
"NaN","<div style=""width:500px;"">
                            <p style=""font-size:50px; font-weight:bold;""
                            >love</p>
                            <div style=""width:240px; margin: auto;"">
                                <img src=""images/D85.png"" style= ""width:200px""alt=""img"">
                            </div>
                        </div>","-45","html-slider-response","143","569619","0.0-139.0","h655nft9bk","11","92208","","","0","","","","love","images/D85.png"
"NaN","<div style=""width:500px;"">
                            <p style=""font-size:50px; font-weight:bold;""
                            >justice</p>
                            <div style=""width:240px; margin: auto;"">
                                <img src=""images/D8.png"" style= ""width:200px""alt=""img"">
                            </div>
                        </div>","26","html-slider-response","144","572620","0.0-140.0","h655nft9bk","11","92208","","","0","","","","justice","images/D8.png"
"NaN","<div style=""width:500px;"">
                            <p style=""font-size:50px; font-weight:bold;""
                            >justice</p>
                            <div style=""width:240px; margin: auto;"">
                                <img src=""images/D94.png"" style= ""width:200px""alt=""img"">
                            </div>
                        </div>","128","html-slider-response","145","576154","0.0-141.0","h655nft9bk","11","92208","","","0","","","","justice","images/D94.png"
"NaN","<div style=""width:500px;"">
                            <p style=""font-size:50px; font-weight:bold;""
                            >love</p>
                            <div style=""width:240px; margin: auto;"">
                                <img src=""images/D77.png"" style= ""width:200px""alt=""img"">
                            </div>
                        </div>","138","html-slider-response","146","580558","0.0-142.0","h655nft9bk","11","92208","","","0","","","","love","images/D77.png"
"NaN","<div style=""width:500px;"">
                            <p style=""font-size:50px; font-weight:bold;""
                            >love</p>
                            <div style=""width:240px; margin: auto;"">
                                <img src=""images/D35.png"" style= ""width:200px""alt=""img"">
                            </div>
                        </div>","0","html-slider-response","147","582345","0.0-143.0","h655nft9bk","11","92208","","","0","","","","love","images/D35.png"
"NaN","<div style=""width:500px;"">
                            <p style=""font-size:50px; font-weight:bold;""
                            >justice</p>
                            <div style=""width:240px; margin: auto;"">
                                <img src=""images/D111.png"" style= ""width:200px""alt=""img"">
                            </div>
                        </div>","-62","html-slider-response","148","585145","0.0-144.0","h655nft9bk","11","92208","","","0","","","","justice","images/D111.png"
"NaN","<div style=""width:500px;"">
                            <p style=""font-size:50px; font-weight:bold;""
                            >love</p>
                            <div style=""width:240px; margin: auto;"">
                                <img src=""images/D20.png"" style= ""width:200px""alt=""img"">
                            </div>
                        </div>","181","html-slider-response","149","587968","0.0-145.0","h655nft9bk","11","92208","","","0","","","","love","images/D20.png"
"NaN","<div style=""width:500px;"">
                            <p style=""font-size:50px; font-weight:bold;""
                            >love</p>
                            <div style=""width:240px; margin: auto;"">
                                <img src=""images/D95.png"" style= ""width:200px""alt=""img"">
                            </div>
                        </div>","31","html-slider-response","150","594334","0.0-146.0","h655nft9bk","11","92208","","","0","","","","love","images/D95.png"
"NaN","<div style=""width:500px;"">
                            <p style=""font-size:50px; font-weight:bold;""
                            >love</p>
                            <div style=""width:240px; margin: auto;"">
                                <img src=""images/D64.png"" style= ""width:200px""alt=""img"">
                            </div>
                        </div>","160","html-slider-response","151","598501","0.0-147.0","h655nft9bk","11","92208","","","0","","","","love","images/D64.png"
"NaN","<div style=""width:500px;"">
                            <p style=""font-size:50px; font-weight:bold;""
                            >justice</p>
                            <div style=""width:240px; margin: auto;"">
                                <img src=""images/D74.png"" style= ""width:200px""alt=""img"">
                            </div>
                        </div>","-125","html-slider-response","152","601223","0.0-148.0","h655nft9bk","11","92208","","","0","","","","justice","images/D74.png"
"NaN","<div style=""width:500px;"">
                            <p style=""font-size:50px; font-weight:bold;""
                            >justice</p>
                            <div style=""width:240px; margin: auto;"">
                                <img src=""images/D26.png"" style= ""width:200px""alt=""img"">
                            </div>
                        </div>","200","html-slider-response","153","603462","0.0-149.0","h655nft9bk","11","92208","","","0","","","","justice","images/D26.png"
"NaN","<div style=""width:500px;"">
                            <p style=""font-size:50px; font-weight:bold;""
                            >love</p>
                            <div style=""width:240px; margin: auto;"">
                                <img src=""images/D104.png"" style= ""width:200px""alt=""img"">
                            </div>
                        </div>","-200","html-slider-response","154","605355","0.0-150.0","h655nft9bk","11","92208","","","0","","","","love","images/D104.png"
"NaN","<div style=""width:500px;"">
                            <p style=""font-size:50px; font-weight:bold;""
                            >justice</p>
                            <div style=""width:240px; margin: auto;"">
                                <img src=""images/D4.png"" style= ""width:200px""alt=""img"">
                            </div>
                        </div>","30","html-slider-response","155","607941","0.0-151.0","h655nft9bk","11","92208","","","0","","","","justice","images/D4.png"
"NaN","<div style=""width:500px;"">
                            <p style=""font-size:50px; font-weight:bold;""
                            >justice</p>
                            <div style=""width:240px; margin: auto;"">
                                <img src=""images/D51.png"" style= ""width:200px""alt=""img"">
                            </div>
                        </div>","-61","html-slider-response","156","610989","0.0-152.0","h655nft9bk","11","92208","","","0","","","","justice","images/D51.png"
"NaN","<div style=""width:500px;"">
                            <p style=""font-size:50px; font-weight:bold;""
                            >love</p>
                            <div style=""width:240px; margin: auto;"">
                                <img src=""images/D102.png"" style= ""width:200px""alt=""img"">
                            </div>
                        </div>","87","html-slider-response","157","616123","0.0-153.0","h655nft9bk","11","92208","","","0","","","","love","images/D102.png"
"NaN","<div style=""width:500px;"">
                            <p style=""font-size:50px; font-weight:bold;""
                            >love</p>
                            <div style=""width:240px; margin: auto;"">
                                <img src=""images/D52.png"" style= ""width:200px""alt=""img"">
                            </div>
                        </div>","48","html-slider-response","158","629730","0.0-154.0","h655nft9bk","11","92208","","","0","","","","love","images/D52.png"
"NaN","<div style=""width:500px;"">
                            <p style=""font-size:50px; font-weight:bold;""
                            >justice</p>
                            <div style=""width:240px; margin: auto;"">
                                <img src=""images/D46.png"" style= ""width:200px""alt=""img"">
                            </div>
                        </div>","102","html-slider-response","159","631939","0.0-155.0","h655nft9bk","11","92208","","","0","","","","justice","images/D46.png"
"NaN","<div style=""width:500px;"">
                            <p style=""font-size:50px; font-weight:bold;""
                            >love</p>
                            <div style=""width:240px; margin: auto;"">
                                <img src=""images/D82.png"" style= ""width:200px""alt=""img"">
                            </div>
                        </div>","-47","html-slider-response","160","635364","0.0-156.0","h655nft9bk","11","92208","","","0","","","","love","images/D82.png"
"NaN","<div style=""width:500px;"">
                            <p style=""font-size:50px; font-weight:bold;""
                            >love</p>
                            <div style=""width:240px; margin: auto;"">
                                <img src=""images/D47.png"" style= ""width:200px""alt=""img"">
                            </div>
                        </div>","48","html-slider-response","161","637587","0.0-157.0","h655nft9bk","11","92208","","","0","","","","love","images/D47.png"
"NaN","<div style=""width:500px;"">
                            <p style=""font-size:50px; font-weight:bold;""
                            >love</p>
                            <div style=""width:240px; margin: auto;"">
                                <img src=""images/D14.png"" style= ""width:200px""alt=""img"">
                            </div>
                        </div>","6","html-slider-response","162","640964","0.0-158.0","h655nft9bk","11","92208","","","0","","","","love","images/D14.png"
"NaN","<div style=""width:500px;"">
                            <p style=""font-size:50px; font-weight:bold;""
                            >justice</p>
                            <div style=""width:240px; margin: auto;"">
                                <img src=""images/D79.png"" style= ""width:200px""alt=""img"">
                            </div>
                        </div>","-66","html-slider-response","163","644537","0.0-159.0","h655nft9bk","11","92208","","","0","","","","justice","images/D79.png"
"NaN","<div style=""width:500px;"">
                            <p style=""font-size:50px; font-weight:bold;""
                            >justice</p>
                            <div style=""width:240px; margin: auto;"">
                                <img src=""images/D81.png"" style= ""width:200px""alt=""img"">
                            </div>
                        </div>","-103","html-slider-response","164","648006","0.0-160.0","h655nft9bk","11","92208","","","0","","","","justice","images/D81.png"
"NaN","<div style=""width:500px;"">
                            <p style=""font-size:50px; font-weight:bold;""
                            >justice</p>
                            <div style=""width:240px; margin: auto;"">
                                <img src=""images/D34.png"" style= ""width:200px""alt=""img"">
                            </div>
                        </div>","120","html-slider-response","165","651272","0.0-161.0","h655nft9bk","11","92208","","","0","","","","justice","images/D34.png"
"NaN","<div style=""width:500px;"">
                            <p style=""font-size:50px; font-weight:bold;""
                            >love</p>
                            <div style=""width:240px; margin: auto;"">
                                <img src=""images/D74.png"" style= ""width:200px""alt=""img"">
                            </div>
                        </div>","-109","html-slider-response","166","653634","0.0-162.0","h655nft9bk","11","92208","","","0","","","","love","images/D74.png"
"NaN","<div style=""width:500px;"">
                            <p style=""font-size:50px; font-weight:bold;""
                            >love</p>
                            <div style=""width:240px; margin: auto;"">
                                <img src=""images/D1.png"" style= ""width:200px""alt=""img"">
                            </div>
                        </div>","111","html-slider-response","167","657461","0.0-163.0","h655nft9bk","11","92208","","","0","","","","love","images/D1.png"
"NaN","<div style=""width:500px;"">
                            <p style=""font-size:50px; font-weight:bold;""
                            >love</p>
                            <div style=""width:240px; margin: auto;"">
                                <img src=""images/D83.png"" style= ""width:200px""alt=""img"">
                            </div>
                        </div>","182","html-slider-response","168","660553","0.0-164.0","h655nft9bk","11","92208","","","0","","","","love","images/D83.png"
"NaN","<div style=""width:500px;"">
                            <p style=""font-size:50px; font-weight:bold;""
                            >justice</p>
                            <div style=""width:240px; margin: auto;"">
                                <img src=""images/D37.png"" style= ""width:200px""alt=""img"">
                            </div>
                        </div>","-70","html-slider-response","169","664087","0.0-165.0","h655nft9bk","11","92208","","","0","","","","justice","images/D37.png"
"NaN","<div style=""width:500px;"">
                            <p style=""font-size:50px; font-weight:bold;""
                            >justice</p>
                            <div style=""width:240px; margin: auto;"">
                                <img src=""images/D18.png"" style= ""width:200px""alt=""img"">
                            </div>
                        </div>","-101","html-slider-response","170","667165","0.0-166.0","h655nft9bk","11","92208","","","0","","","","justice","images/D18.png"
"NaN","<div style=""width:500px;"">
                            <p style=""font-size:50px; font-weight:bold;""
                            >justice</p>
                            <div style=""width:240px; margin: auto;"">
                                <img src=""images/D17.png"" style= ""width:200px""alt=""img"">
                            </div>
                        </div>","114","html-slider-response","171","669973","0.0-167.0","h655nft9bk","11","92208","","","0","","","","justice","images/D17.png"
"NaN","<div style=""width:500px;"">
                            <p style=""font-size:50px; font-weight:bold;""
                            >justice</p>
                            <div style=""width:240px; margin: auto;"">
                                <img src=""images/D47.png"" style= ""width:200px""alt=""img"">
                            </div>
                        </div>","129","html-slider-response","172","672566","0.0-168.0","h655nft9bk","11","92208","","","0","","","","justice","images/D47.png"
"NaN","<div style=""width:500px;"">
                            <p style=""font-size:50px; font-weight:bold;""
                            >justice</p>
                            <div style=""width:240px; margin: auto;"">
                                <img src=""images/D101.png"" style= ""width:200px""alt=""img"">
                            </div>
                        </div>","116","html-slider-response","173","675583","0.0-169.0","h655nft9bk","11","92208","","","0","","","","justice","images/D101.png"
"NaN","<div style=""width:500px;"">
                            <p style=""font-size:50px; font-weight:bold;""
                            >justice</p>
                            <div style=""width:240px; margin: auto;"">
                                <img src=""images/D96.png"" style= ""width:200px""alt=""img"">
                            </div>
                        </div>","-121","html-slider-response","174","678295","0.0-170.0","h655nft9bk","11","92208","","","0","","","","justice","images/D96.png"
"NaN","<div style=""width:500px;"">
                            <p style=""font-size:50px; font-weight:bold;""
                            >love</p>
                            <div style=""width:240px; margin: auto;"">
                                <img src=""images/D66.png"" style= ""width:200px""alt=""img"">
                            </div>
                        </div>","-86","html-slider-response","175","680717","0.0-171.0","h655nft9bk","11","92208","","","0","","","","love","images/D66.png"
"NaN","<div style=""width:500px;"">
                            <p style=""font-size:50px; font-weight:bold;""
                            >justice</p>
                            <div style=""width:240px; margin: auto;"">
                                <img src=""images/D25.png"" style= ""width:200px""alt=""img"">
                            </div>
                        </div>","200","html-slider-response","176","682875","0.0-172.0","h655nft9bk","11","92208","","","0","","","","justice","images/D25.png"
"44489","<p>Great Job! You've finished block 2.<br></br> You have 3 block(s) left to go.<br></br></p>","0","html-button-response","177","727874","0.0-173.0","h655nft9bk","11","92208","","","","","","","",""
"NaN","<div style=""width:500px;"">
                            <p style=""font-size:50px; font-weight:bold;""
                            >love</p>
                            <div style=""width:240px; margin: auto;"">
                                <img src=""images/D55.png"" style= ""width:200px""alt=""img"">
                            </div>
                        </div>","40","html-slider-response","178","744348","0.0-174.0","h655nft9bk","11","92208","","","0","","","","love","images/D55.png"
"NaN","<div style=""width:500px;"">
                            <p style=""font-size:50px; font-weight:bold;""
                            >peace</p>
                            <div style=""width:240px; margin: auto;"">
                                <img src=""images/D96.png"" style= ""width:200px""alt=""img"">
                            </div>
                        </div>","-174","html-slider-response","179","748884","0.0-175.0","h655nft9bk","11","92208","","","0","","","","peace","images/D96.png"
"NaN","<div style=""width:500px;"">
                            <p style=""font-size:50px; font-weight:bold;""
                            >justice</p>
                            <div style=""width:240px; margin: auto;"">
                                <img src=""images/D22.png"" style= ""width:200px""alt=""img"">
                            </div>
                        </div>","-42","html-slider-response","180","750814","0.0-176.0","h655nft9bk","11","92208","","","0","","","","justice","images/D22.png"
"NaN","<div style=""width:500px;"">
                            <p style=""font-size:50px; font-weight:bold;""
                            >peace</p>
                            <div style=""width:240px; margin: auto;"">
                                <img src=""images/D68.png"" style= ""width:200px""alt=""img"">
                            </div>
                        </div>","-104","html-slider-response","181","753257","0.0-177.0","h655nft9bk","11","92208","","","0","","","","peace","images/D68.png"
"NaN","<div style=""width:500px;"">
                            <p style=""font-size:50px; font-weight:bold;""
                            >justice</p>
                            <div style=""width:240px; margin: auto;"">
                                <img src=""images/D25.png"" style= ""width:200px""alt=""img"">
                            </div>
                        </div>","200","html-slider-response","182","755272","0.0-178.0","h655nft9bk","11","92208","","","0","","","","justice","images/D25.png"
"NaN","<div style=""width:500px;"">
                            <p style=""font-size:50px; font-weight:bold;""
                            >love</p>
                            <div style=""width:240px; margin: auto;"">
                                <img src=""images/D53.png"" style= ""width:200px""alt=""img"">
                            </div>
                        </div>","99","html-slider-response","183","757835","0.0-179.0","h655nft9bk","11","92208","","","0","","","","love","images/D53.png"
"NaN","<div style=""width:500px;"">
                            <p style=""font-size:50px; font-weight:bold;""
                            >justice</p>
                            <div style=""width:240px; margin: auto;"">
                                <img src=""images/D96.png"" style= ""width:200px""alt=""img"">
                            </div>
                        </div>","-136","html-slider-response","184","761055","0.0-180.0","h655nft9bk","11","92208","","","0","","","","justice","images/D96.png"
"NaN","<div style=""width:500px;"">
                            <p style=""font-size:50px; font-weight:bold;""
                            >love</p>
                            <div style=""width:240px; margin: auto;"">
                                <img src=""images/D16.png"" style= ""width:200px""alt=""img"">
                            </div>
                        </div>","109","html-slider-response","185","763975","0.0-181.0","h655nft9bk","11","92208","","","0","","","","love","images/D16.png"
"NaN","<div style=""width:500px;"">
                            <p style=""font-size:50px; font-weight:bold;""
                            >love</p>
                            <div style=""width:240px; margin: auto;"">
                                <img src=""images/D49.png"" style= ""width:200px""alt=""img"">
                            </div>
                        </div>","170","html-slider-response","186","766674","0.0-182.0","h655nft9bk","11","92208","","","0","","","","love","images/D49.png"
"NaN","<div style=""width:500px;"">
                            <p style=""font-size:50px; font-weight:bold;""
                            >justice</p>
                            <div style=""width:240px; margin: auto;"">
                                <img src=""images/D35.png"" style= ""width:200px""alt=""img"">
                            </div>
                        </div>","-51","html-slider-response","187","769051","0.0-183.0","h655nft9bk","11","92208","","","0","","","","justice","images/D35.png"
"NaN","<div style=""width:500px;"">
                            <p style=""font-size:50px; font-weight:bold;""
                            >justice</p>
                            <div style=""width:240px; margin: auto;"">
                                <img src=""images/D47.png"" style= ""width:200px""alt=""img"">
                            </div>
                        </div>","82","html-slider-response","188","771560","0.0-184.0","h655nft9bk","11","92208","","","0","","","","justice","images/D47.png"
"NaN","<div style=""width:500px;"">
                            <p style=""font-size:50px; font-weight:bold;""
                            >love</p>
                            <div style=""width:240px; margin: auto;"">
                                <img src=""images/D76.png"" style= ""width:200px""alt=""img"">
                            </div>
                        </div>","-98","html-slider-response","189","774620","0.0-185.0","h655nft9bk","11","92208","","","0","","","","love","images/D76.png"
"NaN","<div style=""width:500px;"">
                            <p style=""font-size:50px; font-weight:bold;""
                            >justice</p>
                            <div style=""width:240px; margin: auto;"">
                                <img src=""images/D95.png"" style= ""width:200px""alt=""img"">
                            </div>
                        </div>","-147","html-slider-response","190","779141","0.0-186.0","h655nft9bk","11","92208","","","0","","","","justice","images/D95.png"
"NaN","<div style=""width:500px;"">
                            <p style=""font-size:50px; font-weight:bold;""
                            >love</p>
                            <div style=""width:240px; margin: auto;"">
                                <img src=""images/D47.png"" style= ""width:200px""alt=""img"">
                            </div>
                        </div>","58","html-slider-response","191","781789","0.0-187.0","h655nft9bk","11","92208","","","0","","","","love","images/D47.png"
"NaN","<div style=""width:500px;"">
                            <p style=""font-size:50px; font-weight:bold;""
                            >love</p>
                            <div style=""width:240px; margin: auto;"">
                                <img src=""images/D36.png"" style= ""width:200px""alt=""img"">
                            </div>
                        </div>","-77","html-slider-response","192","784039","0.0-188.0","h655nft9bk","11","92208","","","0","","","","love","images/D36.png"
"NaN","<div style=""width:500px;"">
                            <p style=""font-size:50px; font-weight:bold;""
                            >peace</p>
                            <div style=""width:240px; margin: auto;"">
                                <img src=""images/D34.png"" style= ""width:200px""alt=""img"">
                            </div>
                        </div>","117","html-slider-response","193","790248","0.0-189.0","h655nft9bk","11","92208","","","0","","","","peace","images/D34.png"
"NaN","<div style=""width:500px;"">
                            <p style=""font-size:50px; font-weight:bold;""
                            >peace</p>
                            <div style=""width:240px; margin: auto;"">
                                <img src=""images/D16.png"" style= ""width:200px""alt=""img"">
                            </div>
                        </div>","174","html-slider-response","194","793861","0.0-190.0","h655nft9bk","11","92208","","","0","","","","peace","images/D16.png"
"NaN","<div style=""width:500px;"">
                            <p style=""font-size:50px; font-weight:bold;""
                            >love</p>
                            <div style=""width:240px; margin: auto;"">
                                <img src=""images/D37.png"" style= ""width:200px""alt=""img"">
                            </div>
                        </div>","161","html-slider-response","195","796769","0.0-191.0","h655nft9bk","11","92208","","","0","","","","love","images/D37.png"
"NaN","<div style=""width:500px;"">
                            <p style=""font-size:50px; font-weight:bold;""
                            >love</p>
                            <div style=""width:240px; margin: auto;"">
                                <img src=""images/D101.png"" style= ""width:200px""alt=""img"">
                            </div>
                        </div>","114","html-slider-response","196","799803","0.0-192.0","h655nft9bk","11","92208","","","0","","","","love","images/D101.png"
"NaN","<div style=""width:500px;"">
                            <p style=""font-size:50px; font-weight:bold;""
                            >peace</p>
                            <div style=""width:240px; margin: auto;"">
                                <img src=""images/D56.png"" style= ""width:200px""alt=""img"">
                            </div>
                        </div>","134","html-slider-response","197","804074","0.0-193.0","h655nft9bk","11","92208","","","0","","","","peace","images/D56.png"
"NaN","<div style=""width:500px;"">
                            <p style=""font-size:50px; font-weight:bold;""
                            >love</p>
                            <div style=""width:240px; margin: auto;"">
                                <img src=""images/D81.png"" style= ""width:200px""alt=""img"">
                            </div>
                        </div>","-57","html-slider-response","198","806035","0.0-194.0","h655nft9bk","11","92208","","","0","","","","love","images/D81.png"
"NaN","<div style=""width:500px;"">
                            <p style=""font-size:50px; font-weight:bold;""
                            >justice</p>
                            <div style=""width:240px; margin: auto;"">
                                <img src=""images/D53.png"" style= ""width:200px""alt=""img"">
                            </div>
                        </div>","77","html-slider-response","199","809755","0.0-195.0","h655nft9bk","11","92208","","","0","","","","justice","images/D53.png"
"NaN","<div style=""width:500px;"">
                            <p style=""font-size:50px; font-weight:bold;""
                            >justice</p>
                            <div style=""width:240px; margin: auto;"">
                                <img src=""images/D75.png"" style= ""width:200px""alt=""img"">
                            </div>
                        </div>","-68","html-slider-response","200","813044","0.0-196.0","h655nft9bk","11","92208","","","0","","","","justice","images/D75.png"
"NaN","<div style=""width:500px;"">
                            <p style=""font-size:50px; font-weight:bold;""
                            >peace</p>
                            <div style=""width:240px; margin: auto;"">
                                <img src=""images/D94.png"" style= ""width:200px""alt=""img"">
                            </div>
                        </div>","90","html-slider-response","201","815547","0.0-197.0","h655nft9bk","11","92208","","","0","","","","peace","images/D94.png"
"NaN","<div style=""width:500px;"">
                            <p style=""font-size:50px; font-weight:bold;""
                            >love</p>
                            <div style=""width:240px; margin: auto;"">
                                <img src=""images/D48.png"" style= ""width:200px""alt=""img"">
                            </div>
                        </div>","29","html-slider-response","202","818898","0.0-198.0","h655nft9bk","11","92208","","","0","","","","love","images/D48.png"
"NaN","<div style=""width:500px;"">
                            <p style=""font-size:50px; font-weight:bold;""
                            >justice</p>
                            <div style=""width:240px; margin: auto;"">
                                <img src=""images/D66.png"" style= ""width:200px""alt=""img"">
                            </div>
                        </div>","-69","html-slider-response","203","821689","0.0-199.0","h655nft9bk","11","92208","","","0","","","","justice","images/D66.png"
"NaN","<div style=""width:500px;"">
                            <p style=""font-size:50px; font-weight:bold;""
                            >love</p>
                            <div style=""width:240px; margin: auto;"">
                                <img src=""images/D14.png"" style= ""width:200px""alt=""img"">
                            </div>
                        </div>","125","html-slider-response","204","823925","0.0-200.0","h655nft9bk","11","92208","","","0","","","","love","images/D14.png"
"NaN","<div style=""width:500px;"">
                            <p style=""font-size:50px; font-weight:bold;""
                            >peace</p>
                            <div style=""width:240px; margin: auto;"">
                                <img src=""images/D25.png"" style= ""width:200px""alt=""img"">
                            </div>
                        </div>","200","html-slider-response","205","826077","0.0-201.0","h655nft9bk","11","92208","","","0","","","","peace","images/D25.png"
"NaN","<div style=""width:500px;"">
                            <p style=""font-size:50px; font-weight:bold;""
                            >peace</p>
                            <div style=""width:240px; margin: auto;"">
                                <img src=""images/D103.png"" style= ""width:200px""alt=""img"">
                            </div>
                        </div>","-150","html-slider-response","206","829709","0.0-202.0","h655nft9bk","11","92208","","","0","","","","peace","images/D103.png"
"NaN","<div style=""width:500px;"">
                            <p style=""font-size:50px; font-weight:bold;""
                            >justice</p>
                            <div style=""width:240px; margin: auto;"">
                                <img src=""images/D74.png"" style= ""width:200px""alt=""img"">
                            </div>
                        </div>","-39","html-slider-response","207","832803","0.0-203.0","h655nft9bk","11","92208","","","0","","","","justice","images/D74.png"
"NaN","<div style=""width:500px;"">
                            <p style=""font-size:50px; font-weight:bold;""
                            >peace</p>
                            <div style=""width:240px; margin: auto;"">
                                <img src=""images/D66.png"" style= ""width:200px""alt=""img"">
                            </div>
                        </div>","-53","html-slider-response","208","835141","0.0-204.0","h655nft9bk","11","92208","","","0","","","","peace","images/D66.png"
"NaN","<div style=""width:500px;"">
                            <p style=""font-size:50px; font-weight:bold;""
                            >love</p>
                            <div style=""width:240px; margin: auto;"">
                                <img src=""images/D65.png"" style= ""width:200px""alt=""img"">
                            </div>
                        </div>","190","html-slider-response","209","837032","0.0-205.0","h655nft9bk","11","92208","","","0","","","","love","images/D65.png"
"NaN","<div style=""width:500px;"">
                            <p style=""font-size:50px; font-weight:bold;""
                            >peace</p>
                            <div style=""width:240px; margin: auto;"">
                                <img src=""images/D11.png"" style= ""width:200px""alt=""img"">
                            </div>
                        </div>","35","html-slider-response","210","842015","0.0-206.0","h655nft9bk","11","92208","","","0","","","","peace","images/D11.png"
"NaN","<div style=""width:500px;"">
                            <p style=""font-size:50px; font-weight:bold;""
                            >peace</p>
                            <div style=""width:240px; margin: auto;"">
                                <img src=""images/D92.png"" style= ""width:200px""alt=""img"">
                            </div>
                        </div>","104","html-slider-response","211","844366","0.0-207.0","h655nft9bk","11","92208","","","0","","","","peace","images/D92.png"
"NaN","<div style=""width:500px;"">
                            <p style=""font-size:50px; font-weight:bold;""
                            >justice</p>
                            <div style=""width:240px; margin: auto;"">
                                <img src=""images/D76.png"" style= ""width:200px""alt=""img"">
                            </div>
                        </div>","-60","html-slider-response","212","847805","0.0-208.0","h655nft9bk","11","92208","","","0","","","","justice","images/D76.png"
"NaN","<div style=""width:500px;"">
                            <p style=""font-size:50px; font-weight:bold;""
                            >peace</p>
                            <div style=""width:240px; margin: auto;"">
                                <img src=""images/D79.png"" style= ""width:200px""alt=""img"">
                            </div>
                        </div>","110","html-slider-response","213","850571","0.0-209.0","h655nft9bk","11","92208","","","0","","","","peace","images/D79.png"
"NaN","<div style=""width:500px;"">
                            <p style=""font-size:50px; font-weight:bold;""
                            >love</p>
                            <div style=""width:240px; margin: auto;"">
                                <img src=""images/D78.png"" style= ""width:200px""alt=""img"">
                            </div>
                        </div>","12","html-slider-response","214","851675","0.0-210.0","h655nft9bk","11","92208","","","0","","","","love","images/D78.png"
"NaN","<div style=""width:500px;"">
                            <p style=""font-size:50px; font-weight:bold;""
                            >love</p>
                            <div style=""width:240px; margin: auto;"">
                                <img src=""images/D51.png"" style= ""width:200px""alt=""img"">
                            </div>
                        </div>","-191","html-slider-response","215","854561","0.0-211.0","h655nft9bk","11","92208","","","0","","","","love","images/D51.png"
"NaN","<div style=""width:500px;"">
                            <p style=""font-size:50px; font-weight:bold;""
                            >love</p>
                            <div style=""width:240px; margin: auto;"">
                                <img src=""images/D52.png"" style= ""width:200px""alt=""img"">
                            </div>
                        </div>","135","html-slider-response","216","857302","0.0-212.0","h655nft9bk","11","92208","","","0","","","","love","images/D52.png"
"NaN","<div style=""width:500px;"">
                            <p style=""font-size:50px; font-weight:bold;""
                            >peace</p>
                            <div style=""width:240px; margin: auto;"">
                                <img src=""images/D74.png"" style= ""width:200px""alt=""img"">
                            </div>
                        </div>","164","html-slider-response","217","860134","0.0-213.0","h655nft9bk","11","92208","","","0","","","","peace","images/D74.png"
"NaN","<div style=""width:500px;"">
                            <p style=""font-size:50px; font-weight:bold;""
                            >justice</p>
                            <div style=""width:240px; margin: auto;"">
                                <img src=""images/D20.png"" style= ""width:200px""alt=""img"">
                            </div>
                        </div>","-116","html-slider-response","218","864972","0.0-214.0","h655nft9bk","11","92208","","","0","","","","justice","images/D20.png"
"NaN","<div style=""width:500px;"">
                            <p style=""font-size:50px; font-weight:bold;""
                            >justice</p>
                            <div style=""width:240px; margin: auto;"">
                                <img src=""images/D105.png"" style= ""width:200px""alt=""img"">
                            </div>
                        </div>","-59","html-slider-response","219","868440","0.0-215.0","h655nft9bk","11","92208","","","0","","","","justice","images/D105.png"
"NaN","<div style=""width:500px;"">
                            <p style=""font-size:50px; font-weight:bold;""
                            >love</p>
                            <div style=""width:240px; margin: auto;"">
                                <img src=""images/D22.png"" style= ""width:200px""alt=""img"">
                            </div>
                        </div>","-76","html-slider-response","220","870889","0.0-216.0","h655nft9bk","11","92208","","","0","","","","love","images/D22.png"
"NaN","<div style=""width:500px;"">
                            <p style=""font-size:50px; font-weight:bold;""
                            >peace</p>
                            <div style=""width:240px; margin: auto;"">
                                <img src=""images/D104.png"" style= ""width:200px""alt=""img"">
                            </div>
                        </div>","-200","html-slider-response","221","872713","0.0-217.0","h655nft9bk","11","92208","","","0","","","","peace","images/D104.png"
"NaN","<div style=""width:500px;"">
                            <p style=""font-size:50px; font-weight:bold;""
                            >love</p>
                            <div style=""width:240px; margin: auto;"">
                                <img src=""images/D111.png"" style= ""width:200px""alt=""img"">
                            </div>
                        </div>","42","html-slider-response","222","875380","0.0-218.0","h655nft9bk","11","92208","","","0","","","","love","images/D111.png"
"NaN","<div style=""width:500px;"">
                            <p style=""font-size:50px; font-weight:bold;""
                            >love</p>
                            <div style=""width:240px; margin: auto;"">
                                <img src=""images/D19.png"" style= ""width:200px""alt=""img"">
                            </div>
                        </div>","-38","html-slider-response","223","877588","0.0-219.0","h655nft9bk","11","92208","","","0","","","","love","images/D19.png"
"NaN","<div style=""width:500px;"">
                            <p style=""font-size:50px; font-weight:bold;""
                            >peace</p>
                            <div style=""width:240px; margin: auto;"">
                                <img src=""images/D19.png"" style= ""width:200px""alt=""img"">
                            </div>
                        </div>","-117","html-slider-response","224","880011","0.0-220.0","h655nft9bk","11","92208","","","0","","","","peace","images/D19.png"
"NaN","<div style=""width:500px;"">
                            <p style=""font-size:50px; font-weight:bold;""
                            >justice</p>
                            <div style=""width:240px; margin: auto;"">
                                <img src=""images/D104.png"" style= ""width:200px""alt=""img"">
                            </div>
                        </div>","-107","html-slider-response","225","882219","0.0-221.0","h655nft9bk","11","92208","","","0","","","","justice","images/D104.png"
"NaN","<div style=""width:500px;"">
                            <p style=""font-size:50px; font-weight:bold;""
                            >justice</p>
                            <div style=""width:240px; margin: auto;"">
                                <img src=""images/D102.png"" style= ""width:200px""alt=""img"">
                            </div>
                        </div>","114","html-slider-response","226","884973","0.0-222.0","h655nft9bk","11","92208","","","0","","","","justice","images/D102.png"
"NaN","<div style=""width:500px;"">
                            <p style=""font-size:50px; font-weight:bold;""
                            >justice</p>
                            <div style=""width:240px; margin: auto;"">
                                <img src=""images/D103.png"" style= ""width:200px""alt=""img"">
                            </div>
                        </div>","-160","html-slider-response","227","887985","0.0-223.0","h655nft9bk","11","92208","","","0","","","","justice","images/D103.png"
"NaN","<div style=""width:500px;"">
                            <p style=""font-size:50px; font-weight:bold;""
                            >justice</p>
                            <div style=""width:240px; margin: auto;"">
                                <img src=""images/D14.png"" style= ""width:200px""alt=""img"">
                            </div>
                        </div>","64","html-slider-response","228","895995","0.0-224.0","h655nft9bk","11","92208","","","0","","","","justice","images/D14.png"
"NaN","<div style=""width:500px;"">
                            <p style=""font-size:50px; font-weight:bold;""
                            >justice</p>
                            <div style=""width:240px; margin: auto;"">
                                <img src=""images/D48.png"" style= ""width:200px""alt=""img"">
                            </div>
                        </div>","31","html-slider-response","229","899400","0.0-225.0","h655nft9bk","11","92208","","","0","","","","justice","images/D48.png"
"NaN","<div style=""width:500px;"">
                            <p style=""font-size:50px; font-weight:bold;""
                            >justice</p>
                            <div style=""width:240px; margin: auto;"">
                                <img src=""images/D68.png"" style= ""width:200px""alt=""img"">
                            </div>
                        </div>","-200","html-slider-response","230","902072","0.0-226.0","h655nft9bk","11","92208","","","0","","","","justice","images/D68.png"
"NaN","<div style=""width:500px;"">
                            <p style=""font-size:50px; font-weight:bold;""
                            >peace</p>
                            <div style=""width:240px; margin: auto;"">
                                <img src=""images/D8.png"" style= ""width:200px""alt=""img"">
                            </div>
                        </div>","95","html-slider-response","231","904844","0.0-227.0","h655nft9bk","11","92208","","","0","","","","peace","images/D8.png"
"NaN","<div style=""width:500px;"">
                            <p style=""font-size:50px; font-weight:bold;""
                            >justice</p>
                            <div style=""width:240px; margin: auto;"">
                                <img src=""images/D26.png"" style= ""width:200px""alt=""img"">
                            </div>
                        </div>","200","html-slider-response","232","906880","0.0-228.0","h655nft9bk","11","92208","","","0","","","","justice","images/D26.png"
"NaN","<div style=""width:500px;"">
                            <p style=""font-size:50px; font-weight:bold;""
                            >love</p>
                            <div style=""width:240px; margin: auto;"">
                                <img src=""images/D64.png"" style= ""width:200px""alt=""img"">
                            </div>
                        </div>","179","html-slider-response","233","910013","0.0-229.0","h655nft9bk","11","92208","","","0","","","","love","images/D64.png"
"NaN","<div style=""width:500px;"">
                            <p style=""font-size:50px; font-weight:bold;""
                            >love</p>
                            <div style=""width:240px; margin: auto;"">
                                <img src=""images/D25.png"" style= ""width:200px""alt=""img"">
                            </div>
                        </div>","200","html-slider-response","234","912072","0.0-230.0","h655nft9bk","11","92208","","","0","","","","love","images/D25.png"
"NaN","<div style=""width:500px;"">
                            <p style=""font-size:50px; font-weight:bold;""
                            >love</p>
                            <div style=""width:240px; margin: auto;"">
                                <img src=""images/D79.png"" style= ""width:200px""alt=""img"">
                            </div>
                        </div>","149","html-slider-response","235","914753","0.0-231.0","h655nft9bk","11","92208","","","0","","","","love","images/D79.png"
"NaN","<div style=""width:500px;"">
                            <p style=""font-size:50px; font-weight:bold;""
                            >peace</p>
                            <div style=""width:240px; margin: auto;"">
                                <img src=""images/D101.png"" style= ""width:200px""alt=""img"">
                            </div>
                        </div>","49","html-slider-response","236","917998","0.0-232.0","h655nft9bk","11","92208","","","0","","","","peace","images/D101.png"
"NaN","<div style=""width:500px;"">
                            <p style=""font-size:50px; font-weight:bold;""
                            >justice</p>
                            <div style=""width:240px; margin: auto;"">
                                <img src=""images/D79.png"" style= ""width:200px""alt=""img"">
                            </div>
                        </div>","30","html-slider-response","237","920801","0.0-233.0","h655nft9bk","11","92208","","","0","","","","justice","images/D79.png"
"NaN","<div style=""width:500px;"">
                            <p style=""font-size:50px; font-weight:bold;""
                            >love</p>
                            <div style=""width:240px; margin: auto;"">
                                <img src=""images/D46.png"" style= ""width:200px""alt=""img"">
                            </div>
                        </div>","104","html-slider-response","238","923406","0.0-234.0","h655nft9bk","11","92208","","","0","","","","love","images/D46.png"
"NaN","<div style=""width:500px;"">
                            <p style=""font-size:50px; font-weight:bold;""
                            >peace</p>
                            <div style=""width:240px; margin: auto;"">
                                <img src=""images/D1.png"" style= ""width:200px""alt=""img"">
                            </div>
                        </div>","-44","html-slider-response","239","927231","0.0-235.0","h655nft9bk","11","92208","","","0","","","","peace","images/D1.png"
"NaN","<div style=""width:500px;"">
                            <p style=""font-size:50px; font-weight:bold;""
                            >peace</p>
                            <div style=""width:240px; margin: auto;"">
                                <img src=""images/D95.png"" style= ""width:200px""alt=""img"">
                            </div>
                        </div>","-136","html-slider-response","240","930164","0.0-236.0","h655nft9bk","11","92208","","","0","","","","peace","images/D95.png"
"NaN","<div style=""width:500px;"">
                            <p style=""font-size:50px; font-weight:bold;""
                            >justice</p>
                            <div style=""width:240px; margin: auto;"">
                                <img src=""images/D77.png"" style= ""width:200px""alt=""img"">
                            </div>
                        </div>","90","html-slider-response","241","932973","0.0-237.0","h655nft9bk","11","92208","","","0","","","","justice","images/D77.png"
"NaN","<div style=""width:500px;"">
                            <p style=""font-size:50px; font-weight:bold;""
                            >love</p>
                            <div style=""width:240px; margin: auto;"">
                                <img src=""images/D103.png"" style= ""width:200px""alt=""img"">
                            </div>
                        </div>","-118","html-slider-response","242","935231","0.0-238.0","h655nft9bk","11","92208","","","0","","","","love","images/D103.png"
"NaN","<div style=""width:500px;"">
                            <p style=""font-size:50px; font-weight:bold;""
                            >peace</p>
                            <div style=""width:240px; margin: auto;"">
                                <img src=""images/D77.png"" style= ""width:200px""alt=""img"">
                            </div>
                        </div>","144","html-slider-response","243","937705","0.0-239.0","h655nft9bk","11","92208","","","0","","","","peace","images/D77.png"
"NaN","<div style=""width:500px;"">
                            <p style=""font-size:50px; font-weight:bold;""
                            >peace</p>
                            <div style=""width:240px; margin: auto;"">
                                <img src=""images/D55.png"" style= ""width:200px""alt=""img"">
                            </div>
                        </div>","-22","html-slider-response","244","942794","0.0-240.0","h655nft9bk","11","92208","","","0","","","","peace","images/D55.png"
"NaN","<div style=""width:500px;"">
                            <p style=""font-size:50px; font-weight:bold;""
                            >justice</p>
                            <div style=""width:240px; margin: auto;"">
                                <img src=""images/D65.png"" style= ""width:200px""alt=""img"">
                            </div>
                        </div>","142","html-slider-response","245","945836","0.0-241.0","h655nft9bk","11","92208","","","0","","","","justice","images/D65.png"
"NaN","<div style=""width:500px;"">
                            <p style=""font-size:50px; font-weight:bold;""
                            >love</p>
                            <div style=""width:240px; margin: auto;"">
                                <img src=""images/D85.png"" style= ""width:200px""alt=""img"">
                            </div>
                        </div>","-36","html-slider-response","246","948411","0.0-242.0","h655nft9bk","11","92208","","","0","","","","love","images/D85.png"
"NaN","<div style=""width:500px;"">
                            <p style=""font-size:50px; font-weight:bold;""
                            >love</p>
                            <div style=""width:240px; margin: auto;"">
                                <img src=""images/D56.png"" style= ""width:200px""alt=""img"">
                            </div>
                        </div>","142","html-slider-response","247","950225","0.0-243.0","h655nft9bk","11","92208","","","0","","","","love","images/D56.png"
"NaN","<div style=""width:500px;"">
                            <p style=""font-size:50px; font-weight:bold;""
                            >peace</p>
                            <div style=""width:240px; margin: auto;"">
                                <img src=""images/D75.png"" style= ""width:200px""alt=""img"">
                            </div>
                        </div>","200","html-slider-response","248","952325","0.0-244.0","h655nft9bk","11","92208","","","0","","","","peace","images/D75.png"
"NaN","<div style=""width:500px;"">
                            <p style=""font-size:50px; font-weight:bold;""
                            >love</p>
                            <div style=""width:240px; margin: auto;"">
                                <img src=""images/D8.png"" style= ""width:200px""alt=""img"">
                            </div>
                        </div>","128","html-slider-response","249","954744","0.0-245.0","h655nft9bk","11","92208","","","0","","","","love","images/D8.png"
"NaN","<div style=""width:500px;"">
                            <p style=""font-size:50px; font-weight:bold;""
                            >love</p>
                            <div style=""width:240px; margin: auto;"">
                                <img src=""images/D92.png"" style= ""width:200px""alt=""img"">
                            </div>
                        </div>","83","html-slider-response","250","956102","0.0-246.0","h655nft9bk","11","92208","","","0","","","","love","images/D92.png"
"NaN","<div style=""width:500px;"">
                            <p style=""font-size:50px; font-weight:bold;""
                            >love</p>
                            <div style=""width:240px; margin: auto;"">
                                <img src=""images/D77.png"" style= ""width:200px""alt=""img"">
                            </div>
                        </div>","77","html-slider-response","251","959976","0.0-247.0","h655nft9bk","11","92208","","","0","","","","love","images/D77.png"
"NaN","<div style=""width:500px;"">
                            <p style=""font-size:50px; font-weight:bold;""
                            >peace</p>
                            <div style=""width:240px; margin: auto;"">
                                <img src=""images/D83.png"" style= ""width:200px""alt=""img"">
                            </div>
                        </div>","74","html-slider-response","252","962922","0.0-248.0","h655nft9bk","11","92208","","","0","","","","peace","images/D83.png"
"NaN","<div style=""width:500px;"">
                            <p style=""font-size:50px; font-weight:bold;""
                            >love</p>
                            <div style=""width:240px; margin: auto;"">
                                <img src=""images/D17.png"" style= ""width:200px""alt=""img"">
                            </div>
                        </div>","118","html-slider-response","253","966132","0.0-249.0","h655nft9bk","11","92208","","","0","","","","love","images/D17.png"
"NaN","<div style=""width:500px;"">
                            <p style=""font-size:50px; font-weight:bold;""
                            >justice</p>
                            <div style=""width:240px; margin: auto;"">
                                <img src=""images/D16.png"" style= ""width:200px""alt=""img"">
                            </div>
                        </div>","85","html-slider-response","254","968411","0.0-250.0","h655nft9bk","11","92208","","","0","","","","justice","images/D16.png"
"NaN","<div style=""width:500px;"">
                            <p style=""font-size:50px; font-weight:bold;""
                            >peace</p>
                            <div style=""width:240px; margin: auto;"">
                                <img src=""images/D81.png"" style= ""width:200px""alt=""img"">
                            </div>
                        </div>","-66","html-slider-response","255","970482","0.0-251.0","h655nft9bk","11","92208","","","0","","","","peace","images/D81.png"
"NaN","<div style=""width:500px;"">
                            <p style=""font-size:50px; font-weight:bold;""
                            >love</p>
                            <div style=""width:240px; margin: auto;"">
                                <img src=""images/D11.png"" style= ""width:200px""alt=""img"">
                            </div>
                        </div>","36","html-slider-response","256","973129","0.0-252.0","h655nft9bk","11","92208","","","0","","","","love","images/D11.png"
"NaN","<div style=""width:500px;"">
                            <p style=""font-size:50px; font-weight:bold;""
                            >peace</p>
                            <div style=""width:240px; margin: auto;"">
                                <img src=""images/D17.png"" style= ""width:200px""alt=""img"">
                            </div>
                        </div>","144","html-slider-response","257","975426","0.0-253.0","h655nft9bk","11","92208","","","0","","","","peace","images/D17.png"
"NaN","<div style=""width:500px;"">
                            <p style=""font-size:50px; font-weight:bold;""
                            >peace</p>
                            <div style=""width:240px; margin: auto;"">
                                <img src=""images/D46.png"" style= ""width:200px""alt=""img"">
                            </div>
                        </div>","180","html-slider-response","258","977718","0.0-254.0","h655nft9bk","11","92208","","","0","","","","peace","images/D46.png"
"NaN","<div style=""width:500px;"">
                            <p style=""font-size:50px; font-weight:bold;""
                            >peace</p>
                            <div style=""width:240px; margin: auto;"">
                                <img src=""images/D78.png"" style= ""width:200px""alt=""img"">
                            </div>
                        </div>","-153","html-slider-response","259","979716","0.0-255.0","h655nft9bk","11","92208","","","0","","","","peace","images/D78.png"
"NaN","<div style=""width:500px;"">
                            <p style=""font-size:50px; font-weight:bold;""
                            >justice</p>
                            <div style=""width:240px; margin: auto;"">
                                <img src=""images/D92.png"" style= ""width:200px""alt=""img"">
                            </div>
                        </div>","-50","html-slider-response","260","981996","0.0-256.0","h655nft9bk","11","92208","","","0","","","","justice","images/D92.png"
"NaN","<div style=""width:500px;"">
                            <p style=""font-size:50px; font-weight:bold;""
                            >love</p>
                            <div style=""width:240px; margin: auto;"">
                                <img src=""images/D20.png"" style= ""width:200px""alt=""img"">
                            </div>
                        </div>","45","html-slider-response","261","984490","0.0-257.0","h655nft9bk","11","92208","","","0","","","","love","images/D20.png"
"NaN","<div style=""width:500px;"">
                            <p style=""font-size:50px; font-weight:bold;""
                            >justice</p>
                            <div style=""width:240px; margin: auto;"">
                                <img src=""images/D78.png"" style= ""width:200px""alt=""img"">
                            </div>
                        </div>","-128","html-slider-response","262","986574","0.0-258.0","h655nft9bk","11","92208","","","0","","","","justice","images/D78.png"
"NaN","<div style=""width:500px;"">
                            <p style=""font-size:50px; font-weight:bold;""
                            >peace</p>
                            <div style=""width:240px; margin: auto;"">
                                <img src=""images/D26.png"" style= ""width:200px""alt=""img"">
                            </div>
                        </div>","190","html-slider-response","263","988980","0.0-259.0","h655nft9bk","11","92208","","","0","","","","peace","images/D26.png"
"NaN","<div style=""width:500px;"">
                            <p style=""font-size:50px; font-weight:bold;""
                            >peace</p>
                            <div style=""width:240px; margin: auto;"">
                                <img src=""images/D84.png"" style= ""width:200px""alt=""img"">
                            </div>
                        </div>","-48","html-slider-response","264","995864","0.0-260.0","h655nft9bk","11","92208","","","0","","","","peace","images/D84.png"
"NaN","<div style=""width:500px;"">
                            <p style=""font-size:50px; font-weight:bold;""
                            >justice</p>
                            <div style=""width:240px; margin: auto;"">
                                <img src=""images/D94.png"" style= ""width:200px""alt=""img"">
                            </div>
                        </div>","45","html-slider-response","265","999398","0.0-261.0","h655nft9bk","11","92208","","","0","","","","justice","images/D94.png"
"NaN","<div style=""width:500px;"">
                            <p style=""font-size:50px; font-weight:bold;""
                            >peace</p>
                            <div style=""width:240px; margin: auto;"">
                                <img src=""images/D20.png"" style= ""width:200px""alt=""img"">
                            </div>
                        </div>","91","html-slider-response","266","1001993","0.0-262.0","h655nft9bk","11","92208","","","0","","","","peace","images/D20.png"
"NaN","<div style=""width:500px;"">
                            <p style=""font-size:50px; font-weight:bold;""
                            >love</p>
                            <div style=""width:240px; margin: auto;"">
                                <img src=""images/D34.png"" style= ""width:200px""alt=""img"">
                            </div>
                        </div>","109","html-slider-response","267","1004531","0.0-263.0","h655nft9bk","11","92208","","","0","","","","love","images/D34.png"
"NaN","<div style=""width:500px;"">
                            <p style=""font-size:50px; font-weight:bold;""
                            >love</p>
                            <div style=""width:240px; margin: auto;"">
                                <img src=""images/D74.png"" style= ""width:200px""alt=""img"">
                            </div>
                        </div>","179","html-slider-response","268","1006956","0.0-264.0","h655nft9bk","11","92208","","","0","","","","love","images/D74.png"
"NaN","<div style=""width:500px;"">
                            <p style=""font-size:50px; font-weight:bold;""
                            >peace</p>
                            <div style=""width:240px; margin: auto;"">
                                <img src=""images/D49.png"" style= ""width:200px""alt=""img"">
                            </div>
                        </div>","155","html-slider-response","269","1009059","0.0-265.0","h655nft9bk","11","92208","","","0","","","","peace","images/D49.png"
"NaN","<div style=""width:500px;"">
                            <p style=""font-size:50px; font-weight:bold;""
                            >peace</p>
                            <div style=""width:240px; margin: auto;"">
                                <img src=""images/D53.png"" style= ""width:200px""alt=""img"">
                            </div>
                        </div>","73","html-slider-response","270","1011327","0.0-266.0","h655nft9bk","11","92208","","","0","","","","peace","images/D53.png"
"NaN","<div style=""width:500px;"">
                            <p style=""font-size:50px; font-weight:bold;""
                            >justice</p>
                            <div style=""width:240px; margin: auto;"">
                                <img src=""images/D82.png"" style= ""width:200px""alt=""img"">
                            </div>
                        </div>","51","html-slider-response","271","1015016","0.0-267.0","h655nft9bk","11","92208","","","0","","","","justice","images/D82.png"
"NaN","<div style=""width:500px;"">
                            <p style=""font-size:50px; font-weight:bold;""
                            >justice</p>
                            <div style=""width:240px; margin: auto;"">
                                <img src=""images/D51.png"" style= ""width:200px""alt=""img"">
                            </div>
                        </div>","-128","html-slider-response","272","1017923","0.0-268.0","h655nft9bk","11","92208","","","0","","","","justice","images/D51.png"
"NaN","<div style=""width:500px;"">
                            <p style=""font-size:50px; font-weight:bold;""
                            >justice</p>
                            <div style=""width:240px; margin: auto;"">
                                <img src=""images/D11.png"" style= ""width:200px""alt=""img"">
                            </div>
                        </div>","30","html-slider-response","273","1021570","0.0-269.0","h655nft9bk","11","92208","","","0","","","","justice","images/D11.png"
"NaN","<div style=""width:500px;"">
                            <p style=""font-size:50px; font-weight:bold;""
                            >love</p>
                            <div style=""width:240px; margin: auto;"">
                                <img src=""images/D104.png"" style= ""width:200px""alt=""img"">
                            </div>
                        </div>","-150","html-slider-response","274","1023733","0.0-270.0","h655nft9bk","11","92208","","","0","","","","love","images/D104.png"
"NaN","<div style=""width:500px;"">
                            <p style=""font-size:50px; font-weight:bold;""
                            >peace</p>
                            <div style=""width:240px; margin: auto;"">
                                <img src=""images/D18.png"" style= ""width:200px""alt=""img"">
                            </div>
                        </div>","-67","html-slider-response","275","1026429","0.0-271.0","h655nft9bk","11","92208","","","0","","","","peace","images/D18.png"
"NaN","<div style=""width:500px;"">
                            <p style=""font-size:50px; font-weight:bold;""
                            >peace</p>
                            <div style=""width:240px; margin: auto;"">
                                <img src=""images/D4.png"" style= ""width:200px""alt=""img"">
                            </div>
                        </div>","38","html-slider-response","276","1028485","0.0-272.0","h655nft9bk","11","92208","","","0","","","","peace","images/D4.png"
"NaN","<div style=""width:500px;"">
                            <p style=""font-size:50px; font-weight:bold;""
                            >love</p>
                            <div style=""width:240px; margin: auto;"">
                                <img src=""images/D84.png"" style= ""width:200px""alt=""img"">
                            </div>
                        </div>","-54","html-slider-response","277","1030748","0.0-273.0","h655nft9bk","11","92208","","","0","","","","love","images/D84.png"
"NaN","<div style=""width:500px;"">
                            <p style=""font-size:50px; font-weight:bold;""
                            >love</p>
                            <div style=""width:240px; margin: auto;"">
                                <img src=""images/D102.png"" style= ""width:200px""alt=""img"">
                            </div>
                        </div>","109","html-slider-response","278","1032854","0.0-274.0","h655nft9bk","11","92208","","","0","","","","love","images/D102.png"
"NaN","<div style=""width:500px;"">
                            <p style=""font-size:50px; font-weight:bold;""
                            >peace</p>
                            <div style=""width:240px; margin: auto;"">
                                <img src=""images/D35.png"" style= ""width:200px""alt=""img"">
                            </div>
                        </div>","-65","html-slider-response","279","1034972","0.0-275.0","h655nft9bk","11","92208","","","0","","","","peace","images/D35.png"
"NaN","<div style=""width:500px;"">
                            <p style=""font-size:50px; font-weight:bold;""
                            >justice</p>
                            <div style=""width:240px; margin: auto;"">
                                <img src=""images/D101.png"" style= ""width:200px""alt=""img"">
                            </div>
                        </div>","162","html-slider-response","280","1037312","0.0-276.0","h655nft9bk","11","92208","","","0","","","","justice","images/D101.png"
"NaN","<div style=""width:500px;"">
                            <p style=""font-size:50px; font-weight:bold;""
                            >justice</p>
                            <div style=""width:240px; margin: auto;"">
                                <img src=""images/D34.png"" style= ""width:200px""alt=""img"">
                            </div>
                        </div>","86","html-slider-response","281","1040594","0.0-277.0","h655nft9bk","11","92208","","","0","","","","justice","images/D34.png"
"NaN","<div style=""width:500px;"">
                            <p style=""font-size:50px; font-weight:bold;""
                            >peace</p>
                            <div style=""width:240px; margin: auto;"">
                                <img src=""images/D48.png"" style= ""width:200px""alt=""img"">
                            </div>
                        </div>","13","html-slider-response","282","1043035","0.0-278.0","h655nft9bk","11","92208","","","0","","","","peace","images/D48.png"
"NaN","<div style=""width:500px;"">
                            <p style=""font-size:50px; font-weight:bold;""
                            >justice</p>
                            <div style=""width:240px; margin: auto;"">
                                <img src=""images/D111.png"" style= ""width:200px""alt=""img"">
                            </div>
                        </div>","-67","html-slider-response","283","1045179","0.0-279.0","h655nft9bk","11","92208","","","0","","","","justice","images/D111.png"
"NaN","<div style=""width:500px;"">
                            <p style=""font-size:50px; font-weight:bold;""
                            >justice</p>
                            <div style=""width:240px; margin: auto;"">
                                <img src=""images/D81.png"" style= ""width:200px""alt=""img"">
                            </div>
                        </div>","-134","html-slider-response","284","1047948","0.0-280.0","h655nft9bk","11","92208","","","0","","","","justice","images/D81.png"
"NaN","<div style=""width:500px;"">
                            <p style=""font-size:50px; font-weight:bold;""
                            >peace</p>
                            <div style=""width:240px; margin: auto;"">
                                <img src=""images/D76.png"" style= ""width:200px""alt=""img"">
                            </div>
                        </div>","-200","html-slider-response","285","1050506","0.0-281.0","h655nft9bk","11","92208","","","0","","","","peace","images/D76.png"
"NaN","<div style=""width:500px;"">
                            <p style=""font-size:50px; font-weight:bold;""
                            >peace</p>
                            <div style=""width:240px; margin: auto;"">
                                <img src=""images/D14.png"" style= ""width:200px""alt=""img"">
                            </div>
                        </div>","-22","html-slider-response","286","1053477","0.0-282.0","h655nft9bk","11","92208","","","0","","","","peace","images/D14.png"
"NaN","<div style=""width:500px;"">
                            <p style=""font-size:50px; font-weight:bold;""
                            >justice</p>
                            <div style=""width:240px; margin: auto;"">
                                <img src=""images/D85.png"" style= ""width:200px""alt=""img"">
                            </div>
                        </div>","-58","html-slider-response","287","1055411","0.0-283.0","h655nft9bk","11","92208","","","0","","","","justice","images/D85.png"
"NaN","<div style=""width:500px;"">
                            <p style=""font-size:50px; font-weight:bold;""
                            >peace</p>
                            <div style=""width:240px; margin: auto;"">
                                <img src=""images/D102.png"" style= ""width:200px""alt=""img"">
                            </div>
                        </div>","62","html-slider-response","288","1057786","0.0-284.0","h655nft9bk","11","92208","","","0","","","","peace","images/D102.png"
"NaN","<div style=""width:500px;"">
                            <p style=""font-size:50px; font-weight:bold;""
                            >love</p>
                            <div style=""width:240px; margin: auto;"">
                                <img src=""images/D75.png"" style= ""width:200px""alt=""img"">
                            </div>
                        </div>","197","html-slider-response","289","1060913","0.0-285.0","h655nft9bk","11","92208","","","0","","","","love","images/D75.png"
"NaN","<div style=""width:500px;"">
                            <p style=""font-size:50px; font-weight:bold;""
                            >love</p>
                            <div style=""width:240px; margin: auto;"">
                                <img src=""images/D96.png"" style= ""width:200px""alt=""img"">
                            </div>
                        </div>","-143","html-slider-response","290","1062908","0.0-286.0","h655nft9bk","11","92208","","","0","","","","love","images/D96.png"
"NaN","<div style=""width:500px;"">
                            <p style=""font-size:50px; font-weight:bold;""
                            >justice</p>
                            <div style=""width:240px; margin: auto;"">
                                <img src=""images/D18.png"" style= ""width:200px""alt=""img"">
                            </div>
                        </div>","-91","html-slider-response","291","1065020","0.0-287.0","h655nft9bk","11","92208","","","0","","","","justice","images/D18.png"
"NaN","<div style=""width:500px;"">
                            <p style=""font-size:50px; font-weight:bold;""
                            >love</p>
                            <div style=""width:240px; margin: auto;"">
                                <img src=""images/D95.png"" style= ""width:200px""alt=""img"">
                            </div>
                        </div>","35","html-slider-response","292","1067283","0.0-288.0","h655nft9bk","11","92208","","","0","","","","love","images/D95.png"
"NaN","<div style=""width:500px;"">
                            <p style=""font-size:50px; font-weight:bold;""
                            >peace</p>
                            <div style=""width:240px; margin: auto;"">
                                <img src=""images/D47.png"" style= ""width:200px""alt=""img"">
                            </div>
                        </div>","124","html-slider-response","293","1069557","0.0-289.0","h655nft9bk","11","92208","","","0","","","","peace","images/D47.png"
"NaN","<div style=""width:500px;"">
                            <p style=""font-size:50px; font-weight:bold;""
                            >peace</p>
                            <div style=""width:240px; margin: auto;"">
                                <img src=""images/D82.png"" style= ""width:200px""alt=""img"">
                            </div>
                        </div>","83","html-slider-response","294","1072458","0.0-290.0","h655nft9bk","11","92208","","","0","","","","peace","images/D82.png"
"NaN","<div style=""width:500px;"">
                            <p style=""font-size:50px; font-weight:bold;""
                            >peace</p>
                            <div style=""width:240px; margin: auto;"">
                                <img src=""images/D85.png"" style= ""width:200px""alt=""img"">
                            </div>
                        </div>","-112","html-slider-response","295","1076870","0.0-291.0","h655nft9bk","11","92208","","","0","","","","peace","images/D85.png"
"NaN","<div style=""width:500px;"">
                            <p style=""font-size:50px; font-weight:bold;""
                            >peace</p>
                            <div style=""width:240px; margin: auto;"">
                                <img src=""images/D57.png"" style= ""width:200px""alt=""img"">
                            </div>
                        </div>","138","html-slider-response","296","1079482","0.0-292.0","h655nft9bk","11","92208","","","0","","","","peace","images/D57.png"
"NaN","<div style=""width:500px;"">
                            <p style=""font-size:50px; font-weight:bold;""
                            >love</p>
                            <div style=""width:240px; margin: auto;"">
                                <img src=""images/D68.png"" style= ""width:200px""alt=""img"">
                            </div>
                        </div>","-142","html-slider-response","297","1082264","0.0-293.0","h655nft9bk","11","92208","","","0","","","","love","images/D68.png"
"NaN","<div style=""width:500px;"">
                            <p style=""font-size:50px; font-weight:bold;""
                            >justice</p>
                            <div style=""width:240px; margin: auto;"">
                                <img src=""images/D37.png"" style= ""width:200px""alt=""img"">
                            </div>
                        </div>","194","html-slider-response","298","1084963","0.0-294.0","h655nft9bk","11","92208","","","0","","","","justice","images/D37.png"
"NaN","<div style=""width:500px;"">
                            <p style=""font-size:50px; font-weight:bold;""
                            >love</p>
                            <div style=""width:240px; margin: auto;"">
                                <img src=""images/D18.png"" style= ""width:200px""alt=""img"">
                            </div>
                        </div>","-65","html-slider-response","299","1089652","0.0-295.0","h655nft9bk","11","92208","","","0","","","","love","images/D18.png"
"NaN","<div style=""width:500px;"">
                            <p style=""font-size:50px; font-weight:bold;""
                            >peace</p>
                            <div style=""width:240px; margin: auto;"">
                                <img src=""images/D37.png"" style= ""width:200px""alt=""img"">
                            </div>
                        </div>","200","html-slider-response","300","1091975","0.0-296.0","h655nft9bk","11","92208","","","0","","","","peace","images/D37.png"
"NaN","<div style=""width:500px;"">
                            <p style=""font-size:50px; font-weight:bold;""
                            >love</p>
                            <div style=""width:240px; margin: auto;"">
                                <img src=""images/D4.png"" style= ""width:200px""alt=""img"">
                            </div>
                        </div>","98","html-slider-response","301","1094393","0.0-297.0","h655nft9bk","11","92208","","","0","","","","love","images/D4.png"
"NaN","<div style=""width:500px;"">
                            <p style=""font-size:50px; font-weight:bold;""
                            >love</p>
                            <div style=""width:240px; margin: auto;"">
                                <img src=""images/D82.png"" style= ""width:200px""alt=""img"">
                            </div>
                        </div>","83","html-slider-response","302","1099560","0.0-298.0","h655nft9bk","11","92208","","","0","","","","love","images/D82.png"
"NaN","<div style=""width:500px;"">
                            <p style=""font-size:50px; font-weight:bold;""
                            >love</p>
                            <div style=""width:240px; margin: auto;"">
                                <img src=""images/D105.png"" style= ""width:200px""alt=""img"">
                            </div>
                        </div>","-102","html-slider-response","303","1102252","0.0-299.0","h655nft9bk","11","92208","","","0","","","","love","images/D105.png"
"NaN","<div style=""width:500px;"">
                            <p style=""font-size:50px; font-weight:bold;""
                            >love</p>
                            <div style=""width:240px; margin: auto;"">
                                <img src=""images/D35.png"" style= ""width:200px""alt=""img"">
                            </div>
                        </div>","-122","html-slider-response","304","1104326","0.0-300.0","h655nft9bk","11","92208","","","0","","","","love","images/D35.png"
"NaN","<div style=""width:500px;"">
                            <p style=""font-size:50px; font-weight:bold;""
                            >justice</p>
                            <div style=""width:240px; margin: auto;"">
                                <img src=""images/D8.png"" style= ""width:200px""alt=""img"">
                            </div>
                        </div>","118","html-slider-response","305","1106959","0.0-301.0","h655nft9bk","11","92208","","","0","","","","justice","images/D8.png"
"NaN","<div style=""width:500px;"">
                            <p style=""font-size:50px; font-weight:bold;""
                            >justice</p>
                            <div style=""width:240px; margin: auto;"">
                                <img src=""images/D19.png"" style= ""width:200px""alt=""img"">
                            </div>
                        </div>","-124","html-slider-response","306","1109169","0.0-302.0","h655nft9bk","11","92208","","","0","","","","justice","images/D19.png"
"NaN","<div style=""width:500px;"">
                            <p style=""font-size:50px; font-weight:bold;""
                            >justice</p>
                            <div style=""width:240px; margin: auto;"">
                                <img src=""images/D4.png"" style= ""width:200px""alt=""img"">
                            </div>
                        </div>","154","html-slider-response","307","1112420","0.0-303.0","h655nft9bk","11","92208","","","0","","","","justice","images/D4.png"
"NaN","<div style=""width:500px;"">
                            <p style=""font-size:50px; font-weight:bold;""
                            >peace</p>
                            <div style=""width:240px; margin: auto;"">
                                <img src=""images/D65.png"" style= ""width:200px""alt=""img"">
                            </div>
                        </div>","194","html-slider-response","308","1114657","0.0-304.0","h655nft9bk","11","92208","","","0","","","","peace","images/D65.png"
"NaN","<div style=""width:500px;"">
                            <p style=""font-size:50px; font-weight:bold;""
                            >peace</p>
                            <div style=""width:240px; margin: auto;"">
                                <img src=""images/D22.png"" style= ""width:200px""alt=""img"">
                            </div>
                        </div>","-115","html-slider-response","309","1116645","0.0-305.0","h655nft9bk","11","92208","","","0","","","","peace","images/D22.png"
"NaN","<div style=""width:500px;"">
                            <p style=""font-size:50px; font-weight:bold;""
                            >peace</p>
                            <div style=""width:240px; margin: auto;"">
                                <img src=""images/D52.png"" style= ""width:200px""alt=""img"">
                            </div>
                        </div>","142","html-slider-response","310","1118879","0.0-306.0","h655nft9bk","11","92208","","","0","","","","peace","images/D52.png"
"NaN","<div style=""width:500px;"">
                            <p style=""font-size:50px; font-weight:bold;""
                            >love</p>
                            <div style=""width:240px; margin: auto;"">
                                <img src=""images/D57.png"" style= ""width:200px""alt=""img"">
                            </div>
                        </div>","91","html-slider-response","311","1122003","0.0-307.0","h655nft9bk","11","92208","","","0","","","","love","images/D57.png"
"NaN","<div style=""width:500px;"">
                            <p style=""font-size:50px; font-weight:bold;""
                            >love</p>
                            <div style=""width:240px; margin: auto;"">
                                <img src=""images/D66.png"" style= ""width:200px""alt=""img"">
                            </div>
                        </div>","-92","html-slider-response","312","1125068","0.0-308.0","h655nft9bk","11","92208","","","0","","","","love","images/D66.png"
"NaN","<div style=""width:500px;"">
                            <p style=""font-size:50px; font-weight:bold;""
                            >peace</p>
                            <div style=""width:240px; margin: auto;"">
                                <img src=""images/D87.png"" style= ""width:200px""alt=""img"">
                            </div>
                        </div>","-136","html-slider-response","313","1127434","0.0-309.0","h655nft9bk","11","92208","","","0","","","","peace","images/D87.png"
"NaN","<div style=""width:500px;"">
                            <p style=""font-size:50px; font-weight:bold;""
                            >justice</p>
                            <div style=""width:240px; margin: auto;"">
                                <img src=""images/D64.png"" style= ""width:200px""alt=""img"">
                            </div>
                        </div>","138","html-slider-response","314","1129892","0.0-310.0","h655nft9bk","11","92208","","","0","","","","justice","images/D64.png"
"NaN","<div style=""width:500px;"">
                            <p style=""font-size:50px; font-weight:bold;""
                            >justice</p>
                            <div style=""width:240px; margin: auto;"">
                                <img src=""images/D87.png"" style= ""width:200px""alt=""img"">
                            </div>
                        </div>","-130","html-slider-response","315","1132257","0.0-311.0","h655nft9bk","11","92208","","","0","","","","justice","images/D87.png"
"NaN","<div style=""width:500px;"">
                            <p style=""font-size:50px; font-weight:bold;""
                            >peace</p>
                            <div style=""width:240px; margin: auto;"">
                                <img src=""images/D64.png"" style= ""width:200px""alt=""img"">
                            </div>
                        </div>","138","html-slider-response","316","1134448","0.0-312.0","h655nft9bk","11","92208","","","0","","","","peace","images/D64.png"
"NaN","<div style=""width:500px;"">
                            <p style=""font-size:50px; font-weight:bold;""
                            >justice</p>
                            <div style=""width:240px; margin: auto;"">
                                <img src=""images/D36.png"" style= ""width:200px""alt=""img"">
                            </div>
                        </div>","-86","html-slider-response","317","1136305","0.0-313.0","h655nft9bk","11","92208","","","0","","","","justice","images/D36.png"
"NaN","<div style=""width:500px;"">
                            <p style=""font-size:50px; font-weight:bold;""
                            >peace</p>
                            <div style=""width:240px; margin: auto;"">
                                <img src=""images/D111.png"" style= ""width:200px""alt=""img"">
                            </div>
                        </div>","-30","html-slider-response","318","1138112","0.0-314.0","h655nft9bk","11","92208","","","0","","","","peace","images/D111.png"
"NaN","<div style=""width:500px;"">
                            <p style=""font-size:50px; font-weight:bold;""
                            >peace</p>
                            <div style=""width:240px; margin: auto;"">
                                <img src=""images/D36.png"" style= ""width:200px""alt=""img"">
                            </div>
                        </div>","-120","html-slider-response","319","1139865","0.0-315.0","h655nft9bk","11","92208","","","0","","","","peace","images/D36.png"
"NaN","<div style=""width:500px;"">
                            <p style=""font-size:50px; font-weight:bold;""
                            >love</p>
                            <div style=""width:240px; margin: auto;"">
                                <img src=""images/D87.png"" style= ""width:200px""alt=""img"">
                            </div>
                        </div>","-76","html-slider-response","320","1141999","0.0-316.0","h655nft9bk","11","92208","","","0","","","","love","images/D87.png"
"NaN","<div style=""width:500px;"">
                            <p style=""font-size:50px; font-weight:bold;""
                            >justice</p>
                            <div style=""width:240px; margin: auto;"">
                                <img src=""images/D1.png"" style= ""width:200px""alt=""img"">
                            </div>
                        </div>","57","html-slider-response","321","1144513","0.0-317.0","h655nft9bk","11","92208","","","0","","","","justice","images/D1.png"
"NaN","<div style=""width:500px;"">
                            <p style=""font-size:50px; font-weight:bold;""
                            >justice</p>
                            <div style=""width:240px; margin: auto;"">
                                <img src=""images/D49.png"" style= ""width:200px""alt=""img"">
                            </div>
                        </div>","110","html-slider-response","322","1154176","0.0-318.0","h655nft9bk","11","92208","","","0","","","","justice","images/D49.png"
"NaN","<div style=""width:500px;"">
                            <p style=""font-size:50px; font-weight:bold;""
                            >justice</p>
                            <div style=""width:240px; margin: auto;"">
                                <img src=""images/D57.png"" style= ""width:200px""alt=""img"">
                            </div>
                        </div>","68","html-slider-response","323","1156307","0.0-319.0","h655nft9bk","11","92208","","","0","","","","justice","images/D57.png"
"NaN","<div style=""width:500px;"">
                            <p style=""font-size:50px; font-weight:bold;""
                            >justice</p>
                            <div style=""width:240px; margin: auto;"">
                                <img src=""images/D46.png"" style= ""width:200px""alt=""img"">
                            </div>
                        </div>","91","html-slider-response","324","1157783","0.0-320.0","h655nft9bk","11","92208","","","0","","","","justice","images/D46.png"
"NaN","<div style=""width:500px;"">
                            <p style=""font-size:50px; font-weight:bold;""
                            >justice</p>
                            <div style=""width:240px; margin: auto;"">
                                <img src=""images/D84.png"" style= ""width:200px""alt=""img"">
                            </div>
                        </div>","99","html-slider-response","325","1159283","0.0-321.0","h655nft9bk","11","92208","","","0","","","","justice","images/D84.png"
"NaN","<div style=""width:500px;"">
                            <p style=""font-size:50px; font-weight:bold;""
                            >love</p>
                            <div style=""width:240px; margin: auto;"">
                                <img src=""images/D94.png"" style= ""width:200px""alt=""img"">
                            </div>
                        </div>","42","html-slider-response","326","1161264","0.0-322.0","h655nft9bk","11","92208","","","0","","","","love","images/D94.png"
"NaN","<div style=""width:500px;"">
                            <p style=""font-size:50px; font-weight:bold;""
                            >love</p>
                            <div style=""width:240px; margin: auto;"">
                                <img src=""images/D26.png"" style= ""width:200px""alt=""img"">
                            </div>
                        </div>","199","html-slider-response","327","1163197","0.0-323.0","h655nft9bk","11","92208","","","0","","","","love","images/D26.png"
"NaN","<div style=""width:500px;"">
                            <p style=""font-size:50px; font-weight:bold;""
                            >justice</p>
                            <div style=""width:240px; margin: auto;"">
                                <img src=""images/D56.png"" style= ""width:200px""alt=""img"">
                            </div>
                        </div>","107","html-slider-response","328","1166406","0.0-324.0","h655nft9bk","11","92208","","","0","","","","justice","images/D56.png"
"NaN","<div style=""width:500px;"">
                            <p style=""font-size:50px; font-weight:bold;""
                            >peace</p>
                            <div style=""width:240px; margin: auto;"">
                                <img src=""images/D51.png"" style= ""width:200px""alt=""img"">
                            </div>
                        </div>","-165","html-slider-response","329","1168690","0.0-325.0","h655nft9bk","11","92208","","","0","","","","peace","images/D51.png"
"NaN","<div style=""width:500px;"">
                            <p style=""font-size:50px; font-weight:bold;""
                            >love</p>
                            <div style=""width:240px; margin: auto;"">
                                <img src=""images/D83.png"" style= ""width:200px""alt=""img"">
                            </div>
                        </div>","24","html-slider-response","330","1170490","0.0-326.0","h655nft9bk","11","92208","","","0","","","","love","images/D83.png"
"NaN","<div style=""width:500px;"">
                            <p style=""font-size:50px; font-weight:bold;""
                            >love</p>
                            <div style=""width:240px; margin: auto;"">
                                <img src=""images/D1.png"" style= ""width:200px""alt=""img"">
                            </div>
                        </div>","79","html-slider-response","331","1172422","0.0-327.0","h655nft9bk","11","92208","","","0","","","","love","images/D1.png"
"NaN","<div style=""width:500px;"">
                            <p style=""font-size:50px; font-weight:bold;""
                            >justice</p>
                            <div style=""width:240px; margin: auto;"">
                                <img src=""images/D17.png"" style= ""width:200px""alt=""img"">
                            </div>
                        </div>","102","html-slider-response","332","1174632","0.0-328.0","h655nft9bk","11","92208","","","0","","","","justice","images/D17.png"
"NaN","<div style=""width:500px;"">
                            <p style=""font-size:50px; font-weight:bold;""
                            >justice</p>
                            <div style=""width:240px; margin: auto;"">
                                <img src=""images/D83.png"" style= ""width:200px""alt=""img"">
                            </div>
                        </div>","109","html-slider-response","333","1176873","0.0-329.0","h655nft9bk","11","92208","","","0","","","","justice","images/D83.png"
"NaN","<div style=""width:500px;"">
                            <p style=""font-size:50px; font-weight:bold;""
                            >peace</p>
                            <div style=""width:240px; margin: auto;"">
                                <img src=""images/D105.png"" style= ""width:200px""alt=""img"">
                            </div>
                        </div>","-65","html-slider-response","334","1179296","0.0-330.0","h655nft9bk","11","92208","","","0","","","","peace","images/D105.png"
"NaN","<div style=""width:500px;"">
                            <p style=""font-size:50px; font-weight:bold;""
                            >justice</p>
                            <div style=""width:240px; margin: auto;"">
                                <img src=""images/D55.png"" style= ""width:200px""alt=""img"">
                            </div>
                        </div>","115","html-slider-response","335","1180977","0.0-331.0","h655nft9bk","11","92208","","","0","","","","justice","images/D55.png"
"NaN","<div style=""width:500px;"">
                            <p style=""font-size:50px; font-weight:bold;""
                            >justice</p>
                            <div style=""width:240px; margin: auto;"">
                                <img src=""images/D52.png"" style= ""width:200px""alt=""img"">
                            </div>
                        </div>","38","html-slider-response","336","1183823","0.0-332.0","h655nft9bk","11","92208","","","0","","","","justice","images/D52.png"
"380031","<p>Great Job! You've finished block 3.<br></br> You have 2 block(s) left to go.<br></br></p>","0","html-button-response","337","1564364","0.0-333.0","h655nft9bk","11","92208","","","","","","","",""
"NaN","<div style=""width:500px;"">
                            <p style=""font-size:50px; font-weight:bold;""
                            >evil</p>
                            <div style=""width:240px; margin: auto;"">
                                <img src=""images/D34.png"" style= ""width:200px""alt=""img"">
                            </div>
                        </div>","-70","html-slider-response","338","1568045","0.0-334.0","h655nft9bk","11","92208","","","0","","","","evil","images/D34.png"
"NaN","<div style=""width:500px;"">
                            <p style=""font-size:50px; font-weight:bold;""
                            >love</p>
                            <div style=""width:240px; margin: auto;"">
                                <img src=""images/D51.png"" style= ""width:200px""alt=""img"">
                            </div>
                        </div>","-166","html-slider-response","339","1570562","0.0-335.0","h655nft9bk","11","92208","","","0","","","","love","images/D51.png"
"NaN","<div style=""width:500px;"">
                            <p style=""font-size:50px; font-weight:bold;""
                            >love</p>
                            <div style=""width:240px; margin: auto;"">
                                <img src=""images/D81.png"" style= ""width:200px""alt=""img"">
                            </div>
                        </div>","-66","html-slider-response","340","1572271","0.0-336.0","h655nft9bk","11","92208","","","0","","","","love","images/D81.png"
"NaN","<div style=""width:500px;"">
                            <p style=""font-size:50px; font-weight:bold;""
                            >peace</p>
                            <div style=""width:240px; margin: auto;"">
                                <img src=""images/D87.png"" style= ""width:200px""alt=""img"">
                            </div>
                        </div>","-64","html-slider-response","341","1574460","0.0-337.0","h655nft9bk","11","92208","","","0","","","","peace","images/D87.png"
"NaN","<div style=""width:500px;"">
                            <p style=""font-size:50px; font-weight:bold;""
                            >justice</p>
                            <div style=""width:240px; margin: auto;"">
                                <img src=""images/D14.png"" style= ""width:200px""alt=""img"">
                            </div>
                        </div>","58","html-slider-response","342","1576358","0.0-338.0","h655nft9bk","11","92208","","","0","","","","justice","images/D14.png"
"NaN","<div style=""width:500px;"">
                            <p style=""font-size:50px; font-weight:bold;""
                            >peace</p>
                            <div style=""width:240px; margin: auto;"">
                                <img src=""images/D103.png"" style= ""width:200px""alt=""img"">
                            </div>
                        </div>","-93","html-slider-response","343","1578294","0.0-339.0","h655nft9bk","11","92208","","","0","","","","peace","images/D103.png"
"NaN","<div style=""width:500px;"">
                            <p style=""font-size:50px; font-weight:bold;""
                            >justice</p>
                            <div style=""width:240px; margin: auto;"">
                                <img src=""images/D104.png"" style= ""width:200px""alt=""img"">
                            </div>
                        </div>","-153","html-slider-response","344","1580204","0.0-340.0","h655nft9bk","11","92208","","","0","","","","justice","images/D104.png"
"NaN","<div style=""width:500px;"">
                            <p style=""font-size:50px; font-weight:bold;""
                            >justice</p>
                            <div style=""width:240px; margin: auto;"">
                                <img src=""images/D11.png"" style= ""width:200px""alt=""img"">
                            </div>
                        </div>","54","html-slider-response","345","1582299","0.0-341.0","h655nft9bk","11","92208","","","0","","","","justice","images/D11.png"
"NaN","<div style=""width:500px;"">
                            <p style=""font-size:50px; font-weight:bold;""
                            >love</p>
                            <div style=""width:240px; margin: auto;"">
                                <img src=""images/D87.png"" style= ""width:200px""alt=""img"">
                            </div>
                        </div>","-110","html-slider-response","346","1583723","0.0-342.0","h655nft9bk","11","92208","","","0","","","","love","images/D87.png"
"NaN","<div style=""width:500px;"">
                            <p style=""font-size:50px; font-weight:bold;""
                            >justice</p>
                            <div style=""width:240px; margin: auto;"">
                                <img src=""images/D68.png"" style= ""width:200px""alt=""img"">
                            </div>
                        </div>","26","html-slider-response","347","1586084","0.0-343.0","h655nft9bk","11","92208","","","0","","","","justice","images/D68.png"
"NaN","<div style=""width:500px;"">
                            <p style=""font-size:50px; font-weight:bold;""
                            >love</p>
                            <div style=""width:240px; margin: auto;"">
                                <img src=""images/D34.png"" style= ""width:200px""alt=""img"">
                            </div>
                        </div>","83","html-slider-response","348","1588097","0.0-344.0","h655nft9bk","11","92208","","","0","","","","love","images/D34.png"
"NaN","<div style=""width:500px;"">
                            <p style=""font-size:50px; font-weight:bold;""
                            >peace</p>
                            <div style=""width:240px; margin: auto;"">
                                <img src=""images/D11.png"" style= ""width:200px""alt=""img"">
                            </div>
                        </div>","120","html-slider-response","349","1590705","0.0-345.0","h655nft9bk","11","92208","","","0","","","","peace","images/D11.png"
"NaN","<div style=""width:500px;"">
                            <p style=""font-size:50px; font-weight:bold;""
                            >love</p>
                            <div style=""width:240px; margin: auto;"">
                                <img src=""images/D19.png"" style= ""width:200px""alt=""img"">
                            </div>
                        </div>","-81","html-slider-response","350","1593155","0.0-346.0","h655nft9bk","11","92208","","","0","","","","love","images/D19.png"
"NaN","<div style=""width:500px;"">
                            <p style=""font-size:50px; font-weight:bold;""
                            >evil</p>
                            <div style=""width:240px; margin: auto;"">
                                <img src=""images/D1.png"" style= ""width:200px""alt=""img"">
                            </div>
                        </div>","128","html-slider-response","351","1595865","0.0-347.0","h655nft9bk","11","92208","","","0","","","","evil","images/D1.png"
"NaN","<div style=""width:500px;"">
                            <p style=""font-size:50px; font-weight:bold;""
                            >peace</p>
                            <div style=""width:240px; margin: auto;"">
                                <img src=""images/D65.png"" style= ""width:200px""alt=""img"">
                            </div>
                        </div>","134","html-slider-response","352","1598959","0.0-348.0","h655nft9bk","11","92208","","","0","","","","peace","images/D65.png"
"NaN","<div style=""width:500px;"">
                            <p style=""font-size:50px; font-weight:bold;""
                            >love</p>
                            <div style=""width:240px; margin: auto;"">
                                <img src=""images/D78.png"" style= ""width:200px""alt=""img"">
                            </div>
                        </div>","-94","html-slider-response","353","1602312","0.0-349.0","h655nft9bk","11","92208","","","0","","","","love","images/D78.png"
"NaN","<div style=""width:500px;"">
                            <p style=""font-size:50px; font-weight:bold;""
                            >peace</p>
                            <div style=""width:240px; margin: auto;"">
                                <img src=""images/D84.png"" style= ""width:200px""alt=""img"">
                            </div>
                        </div>","-51","html-slider-response","354","1605726","0.0-350.0","h655nft9bk","11","92208","","","0","","","","peace","images/D84.png"
"NaN","<div style=""width:500px;"">
                            <p style=""font-size:50px; font-weight:bold;""
                            >justice</p>
                            <div style=""width:240px; margin: auto;"">
                                <img src=""images/D101.png"" style= ""width:200px""alt=""img"">
                            </div>
                        </div>","68","html-slider-response","355","1607494","0.0-351.0","h655nft9bk","11","92208","","","0","","","","justice","images/D101.png"
"NaN","<div style=""width:500px;"">
                            <p style=""font-size:50px; font-weight:bold;""
                            >love</p>
                            <div style=""width:240px; margin: auto;"">
                                <img src=""images/D25.png"" style= ""width:200px""alt=""img"">
                            </div>
                        </div>","196","html-slider-response","356","1609750","0.0-352.0","h655nft9bk","11","92208","","","0","","","","love","images/D25.png"
"NaN","<div style=""width:500px;"">
                            <p style=""font-size:50px; font-weight:bold;""
                            >love</p>
                            <div style=""width:240px; margin: auto;"">
                                <img src=""images/D65.png"" style= ""width:200px""alt=""img"">
                            </div>
                        </div>","130","html-slider-response","357","1611651","0.0-353.0","h655nft9bk","11","92208","","","0","","","","love","images/D65.png"
"NaN","<div style=""width:500px;"">
                            <p style=""font-size:50px; font-weight:bold;""
                            >evil</p>
                            <div style=""width:240px; margin: auto;"">
                                <img src=""images/D83.png"" style= ""width:200px""alt=""img"">
                            </div>
                        </div>","-139","html-slider-response","358","1614143","0.0-354.0","h655nft9bk","11","92208","","","0","","","","evil","images/D83.png"
"NaN","<div style=""width:500px;"">
                            <p style=""font-size:50px; font-weight:bold;""
                            >peace</p>
                            <div style=""width:240px; margin: auto;"">
                                <img src=""images/D8.png"" style= ""width:200px""alt=""img"">
                            </div>
                        </div>","35","html-slider-response","359","1617013","0.0-355.0","h655nft9bk","11","92208","","","0","","","","peace","images/D8.png"
"NaN","<div style=""width:500px;"">
                            <p style=""font-size:50px; font-weight:bold;""
                            >peace</p>
                            <div style=""width:240px; margin: auto;"">
                                <img src=""images/D96.png"" style= ""width:200px""alt=""img"">
                            </div>
                        </div>","-104","html-slider-response","360","1619532","0.0-356.0","h655nft9bk","11","92208","","","0","","","","peace","images/D96.png"
"NaN","<div style=""width:500px;"">
                            <p style=""font-size:50px; font-weight:bold;""
                            >peace</p>
                            <div style=""width:240px; margin: auto;"">
                                <img src=""images/D75.png"" style= ""width:200px""alt=""img"">
                            </div>
                        </div>","178","html-slider-response","361","1622166","0.0-357.0","h655nft9bk","11","92208","","","0","","","","peace","images/D75.png"
"NaN","<div style=""width:500px;"">
                            <p style=""font-size:50px; font-weight:bold;""
                            >love</p>
                            <div style=""width:240px; margin: auto;"">
                                <img src=""images/D36.png"" style= ""width:200px""alt=""img"">
                            </div>
                        </div>","-78","html-slider-response","362","1624175","0.0-358.0","h655nft9bk","11","92208","","","0","","","","love","images/D36.png"
"NaN","<div style=""width:500px;"">
                            <p style=""font-size:50px; font-weight:bold;""
                            >justice</p>
                            <div style=""width:240px; margin: auto;"">
                                <img src=""images/D19.png"" style= ""width:200px""alt=""img"">
                            </div>
                        </div>","-57","html-slider-response","363","1626594","0.0-359.0","h655nft9bk","11","92208","","","0","","","","justice","images/D19.png"
"NaN","<div style=""width:500px;"">
                            <p style=""font-size:50px; font-weight:bold;""
                            >justice</p>
                            <div style=""width:240px; margin: auto;"">
                                <img src=""images/D111.png"" style= ""width:200px""alt=""img"">
                            </div>
                        </div>","-122","html-slider-response","364","1629033","0.0-360.0","h655nft9bk","11","92208","","","0","","","","justice","images/D111.png"
"NaN","<div style=""width:500px;"">
                            <p style=""font-size:50px; font-weight:bold;""
                            >peace</p>
                            <div style=""width:240px; margin: auto;"">
                                <img src=""images/D51.png"" style= ""width:200px""alt=""img"">
                            </div>
                        </div>","-116","html-slider-response","365","1632058","0.0-361.0","h655nft9bk","11","92208","","","0","","","","peace","images/D51.png"
"NaN","<div style=""width:500px;"">
                            <p style=""font-size:50px; font-weight:bold;""
                            >evil</p>
                            <div style=""width:240px; margin: auto;"">
                                <img src=""images/D111.png"" style= ""width:200px""alt=""img"">
                            </div>
                        </div>","154","html-slider-response","366","1637150","0.0-362.0","h655nft9bk","11","92208","","","0","","","","evil","images/D111.png"
"NaN","<div style=""width:500px;"">
                            <p style=""font-size:50px; font-weight:bold;""
                            >peace</p>
                            <div style=""width:240px; margin: auto;"">
                                <img src=""images/D1.png"" style= ""width:200px""alt=""img"">
                            </div>
                        </div>","51","html-slider-response","367","1639823","0.0-363.0","h655nft9bk","11","92208","","","0","","","","peace","images/D1.png"
"NaN","<div style=""width:500px;"">
                            <p style=""font-size:50px; font-weight:bold;""
                            >justice</p>
                            <div style=""width:240px; margin: auto;"">
                                <img src=""images/D49.png"" style= ""width:200px""alt=""img"">
                            </div>
                        </div>","100","html-slider-response","368","1641952","0.0-364.0","h655nft9bk","11","92208","","","0","","","","justice","images/D49.png"
"NaN","<div style=""width:500px;"">
                            <p style=""font-size:50px; font-weight:bold;""
                            >peace</p>
                            <div style=""width:240px; margin: auto;"">
                                <img src=""images/D76.png"" style= ""width:200px""alt=""img"">
                            </div>
                        </div>","-110","html-slider-response","369","1649541","0.0-365.0","h655nft9bk","11","92208","","","0","","","","peace","images/D76.png"
"NaN","<div style=""width:500px;"">
                            <p style=""font-size:50px; font-weight:bold;""
                            >evil</p>
                            <div style=""width:240px; margin: auto;"">
                                <img src=""images/D105.png"" style= ""width:200px""alt=""img"">
                            </div>
                        </div>","145","html-slider-response","370","1651882","0.0-366.0","h655nft9bk","11","92208","","","0","","","","evil","images/D105.png"
"NaN","<div style=""width:500px;"">
                            <p style=""font-size:50px; font-weight:bold;""
                            >love</p>
                            <div style=""width:240px; margin: auto;"">
                                <img src=""images/D1.png"" style= ""width:200px""alt=""img"">
                            </div>
                        </div>","53","html-slider-response","371","1654164","0.0-367.0","h655nft9bk","11","92208","","","0","","","","love","images/D1.png"
"NaN","<div style=""width:500px;"">
                            <p style=""font-size:50px; font-weight:bold;""
                            >peace</p>
                            <div style=""width:240px; margin: auto;"">
                                <img src=""images/D17.png"" style= ""width:200px""alt=""img"">
                            </div>
                        </div>","108","html-slider-response","372","1656796","0.0-368.0","h655nft9bk","11","92208","","","0","","","","peace","images/D17.png"
"NaN","<div style=""width:500px;"">
                            <p style=""font-size:50px; font-weight:bold;""
                            >justice</p>
                            <div style=""width:240px; margin: auto;"">
                                <img src=""images/D87.png"" style= ""width:200px""alt=""img"">
                            </div>
                        </div>","-164","html-slider-response","373","1660953","0.0-369.0","h655nft9bk","11","92208","","","0","","","","justice","images/D87.png"
"NaN","<div style=""width:500px;"">
                            <p style=""font-size:50px; font-weight:bold;""
                            >love</p>
                            <div style=""width:240px; margin: auto;"">
                                <img src=""images/D79.png"" style= ""width:200px""alt=""img"">
                            </div>
                        </div>","16","html-slider-response","374","1664026","0.0-370.0","h655nft9bk","11","92208","","","0","","","","love","images/D79.png"
"NaN","<div style=""width:500px;"">
                            <p style=""font-size:50px; font-weight:bold;""
                            >evil</p>
                            <div style=""width:240px; margin: auto;"">
                                <img src=""images/D64.png"" style= ""width:200px""alt=""img"">
                            </div>
                        </div>","-90","html-slider-response","375","1666779","0.0-371.0","h655nft9bk","11","92208","","","0","","","","evil","images/D64.png"
"NaN","<div style=""width:500px;"">
                            <p style=""font-size:50px; font-weight:bold;""
                            >justice</p>
                            <div style=""width:240px; margin: auto;"">
                                <img src=""images/D8.png"" style= ""width:200px""alt=""img"">
                            </div>
                        </div>","66","html-slider-response","376","1669693","0.0-372.0","h655nft9bk","11","92208","","","0","","","","justice","images/D8.png"
"NaN","<div style=""width:500px;"">
                            <p style=""font-size:50px; font-weight:bold;""
                            >justice</p>
                            <div style=""width:240px; margin: auto;"">
                                <img src=""images/D22.png"" style= ""width:200px""alt=""img"">
                            </div>
                        </div>","-93","html-slider-response","377","1672633","0.0-373.0","h655nft9bk","11","92208","","","0","","","","justice","images/D22.png"
"NaN","<div style=""width:500px;"">
                            <p style=""font-size:50px; font-weight:bold;""
                            >love</p>
                            <div style=""width:240px; margin: auto;"">
                                <img src=""images/D35.png"" style= ""width:200px""alt=""img"">
                            </div>
                        </div>","-83","html-slider-response","378","1676021","0.0-374.0","h655nft9bk","11","92208","","","0","","","","love","images/D35.png"
"NaN","<div style=""width:500px;"">
                            <p style=""font-size:50px; font-weight:bold;""
                            >peace</p>
                            <div style=""width:240px; margin: auto;"">
                                <img src=""images/D102.png"" style= ""width:200px""alt=""img"">
                            </div>
                        </div>","59","html-slider-response","379","1679074","0.0-375.0","h655nft9bk","11","92208","","","0","","","","peace","images/D102.png"
"NaN","<div style=""width:500px;"">
                            <p style=""font-size:50px; font-weight:bold;""
                            >peace</p>
                            <div style=""width:240px; margin: auto;"">
                                <img src=""images/D92.png"" style= ""width:200px""alt=""img"">
                            </div>
                        </div>","-57","html-slider-response","380","1681077","0.0-376.0","h655nft9bk","11","92208","","","0","","","","peace","images/D92.png"
"NaN","<div style=""width:500px;"">
                            <p style=""font-size:50px; font-weight:bold;""
                            >peace</p>
                            <div style=""width:240px; margin: auto;"">
                                <img src=""images/D18.png"" style= ""width:200px""alt=""img"">
                            </div>
                        </div>","-56","html-slider-response","381","1681953","0.0-377.0","h655nft9bk","11","92208","","","0","","","","peace","images/D18.png"
"NaN","<div style=""width:500px;"">
                            <p style=""font-size:50px; font-weight:bold;""
                            >evil</p>
                            <div style=""width:240px; margin: auto;"">
                                <img src=""images/D52.png"" style= ""width:200px""alt=""img"">
                            </div>
                        </div>","78","html-slider-response","382","1686396","0.0-378.0","h655nft9bk","11","92208","","","0","","","","evil","images/D52.png"
"NaN","<div style=""width:500px;"">
                            <p style=""font-size:50px; font-weight:bold;""
                            >love</p>
                            <div style=""width:240px; margin: auto;"">
                                <img src=""images/D66.png"" style= ""width:200px""alt=""img"">
                            </div>
                        </div>","-105","html-slider-response","383","1688671","0.0-379.0","h655nft9bk","11","92208","","","0","","","","love","images/D66.png"
"NaN","<div style=""width:500px;"">
                            <p style=""font-size:50px; font-weight:bold;""
                            >evil</p>
                            <div style=""width:240px; margin: auto;"">
                                <img src=""images/D78.png"" style= ""width:200px""alt=""img"">
                            </div>
                        </div>","140","html-slider-response","384","1691042","0.0-380.0","h655nft9bk","11","92208","","","0","","","","evil","images/D78.png"
"NaN","<div style=""width:500px;"">
                            <p style=""font-size:50px; font-weight:bold;""
                            >justice</p>
                            <div style=""width:240px; margin: auto;"">
                                <img src=""images/D53.png"" style= ""width:200px""alt=""img"">
                            </div>
                        </div>","48","html-slider-response","385","1693688","0.0-381.0","h655nft9bk","11","92208","","","0","","","","justice","images/D53.png"
"NaN","<div style=""width:500px;"">
                            <p style=""font-size:50px; font-weight:bold;""
                            >evil</p>
                            <div style=""width:240px; margin: auto;"">
                                <img src=""images/D94.png"" style= ""width:200px""alt=""img"">
                            </div>
                        </div>","39","html-slider-response","386","1696798","0.0-382.0","h655nft9bk","11","92208","","","0","","","","evil","images/D94.png"
"NaN","<div style=""width:500px;"">
                            <p style=""font-size:50px; font-weight:bold;""
                            >love</p>
                            <div style=""width:240px; margin: auto;"">
                                <img src=""images/D95.png"" style= ""width:200px""alt=""img"">
                            </div>
                        </div>","19","html-slider-response","387","1699942","0.0-383.0","h655nft9bk","11","92208","","","0","","","","love","images/D95.png"
"NaN","<div style=""width:500px;"">
                            <p style=""font-size:50px; font-weight:bold;""
                            >justice</p>
                            <div style=""width:240px; margin: auto;"">
                                <img src=""images/D37.png"" style= ""width:200px""alt=""img"">
                            </div>
                        </div>","-86","html-slider-response","388","1702633","0.0-384.0","h655nft9bk","11","92208","","","0","","","","justice","images/D37.png"
"NaN","<div style=""width:500px;"">
                            <p style=""font-size:50px; font-weight:bold;""
                            >justice</p>
                            <div style=""width:240px; margin: auto;"">
                                <img src=""images/D35.png"" style= ""width:200px""alt=""img"">
                            </div>
                        </div>","-102","html-slider-response","389","1704543","0.0-385.0","h655nft9bk","11","92208","","","0","","","","justice","images/D35.png"
"NaN","<div style=""width:500px;"">
                            <p style=""font-size:50px; font-weight:bold;""
                            >peace</p>
                            <div style=""width:240px; margin: auto;"">
                                <img src=""images/D74.png"" style= ""width:200px""alt=""img"">
                            </div>
                        </div>","174","html-slider-response","390","1707179","0.0-386.0","h655nft9bk","11","92208","","","0","","","","peace","images/D74.png"
"NaN","<div style=""width:500px;"">
                            <p style=""font-size:50px; font-weight:bold;""
                            >peace</p>
                            <div style=""width:240px; margin: auto;"">
                                <img src=""images/D77.png"" style= ""width:200px""alt=""img"">
                            </div>
                        </div>","74","html-slider-response","391","1708968","0.0-387.0","h655nft9bk","11","92208","","","0","","","","peace","images/D77.png"
"NaN","<div style=""width:500px;"">
                            <p style=""font-size:50px; font-weight:bold;""
                            >love</p>
                            <div style=""width:240px; margin: auto;"">
                                <img src=""images/D105.png"" style= ""width:200px""alt=""img"">
                            </div>
                        </div>","13","html-slider-response","392","1711444","0.0-388.0","h655nft9bk","11","92208","","","0","","","","love","images/D105.png"
"NaN","<div style=""width:500px;"">
                            <p style=""font-size:50px; font-weight:bold;""
                            >evil</p>
                            <div style=""width:240px; margin: auto;"">
                                <img src=""images/D77.png"" style= ""width:200px""alt=""img"">
                            </div>
                        </div>","30","html-slider-response","393","1713959","0.0-389.0","h655nft9bk","11","92208","","","0","","","","evil","images/D77.png"
"NaN","<div style=""width:500px;"">
                            <p style=""font-size:50px; font-weight:bold;""
                            >love</p>
                            <div style=""width:240px; margin: auto;"">
                                <img src=""images/D75.png"" style= ""width:200px""alt=""img"">
                            </div>
                        </div>","174","html-slider-response","394","1716638","0.0-390.0","h655nft9bk","11","92208","","","0","","","","love","images/D75.png"
"NaN","<div style=""width:500px;"">
                            <p style=""font-size:50px; font-weight:bold;""
                            >justice</p>
                            <div style=""width:240px; margin: auto;"">
                                <img src=""images/D20.png"" style= ""width:200px""alt=""img"">
                            </div>
                        </div>","105","html-slider-response","395","1719635","0.0-391.0","h655nft9bk","11","92208","","","0","","","","justice","images/D20.png"
"NaN","<div style=""width:500px;"">
                            <p style=""font-size:50px; font-weight:bold;""
                            >love</p>
                            <div style=""width:240px; margin: auto;"">
                                <img src=""images/D18.png"" style= ""width:200px""alt=""img"">
                            </div>
                        </div>","-62","html-slider-response","396","1722504","0.0-392.0","h655nft9bk","11","92208","","","0","","","","love","images/D18.png"
"NaN","<div style=""width:500px;"">
                            <p style=""font-size:50px; font-weight:bold;""
                            >peace</p>
                            <div style=""width:240px; margin: auto;"">
                                <img src=""images/D83.png"" style= ""width:200px""alt=""img"">
                            </div>
                        </div>","134","html-slider-response","397","1726412","0.0-393.0","h655nft9bk","11","92208","","","0","","","","peace","images/D83.png"
"NaN","<div style=""width:500px;"">
                            <p style=""font-size:50px; font-weight:bold;""
                            >peace</p>
                            <div style=""width:240px; margin: auto;"">
                                <img src=""images/D46.png"" style= ""width:200px""alt=""img"">
                            </div>
                        </div>","102","html-slider-response","398","1728511","0.0-394.0","h655nft9bk","11","92208","","","0","","","","peace","images/D46.png"
"NaN","<div style=""width:500px;"">
                            <p style=""font-size:50px; font-weight:bold;""
                            >evil</p>
                            <div style=""width:240px; margin: auto;"">
                                <img src=""images/D96.png"" style= ""width:200px""alt=""img"">
                            </div>
                        </div>","186","html-slider-response","399","1730979","0.0-395.0","h655nft9bk","11","92208","","","0","","","","evil","images/D96.png"
"NaN","<div style=""width:500px;"">
                            <p style=""font-size:50px; font-weight:bold;""
                            >evil</p>
                            <div style=""width:240px; margin: auto;"">
                                <img src=""images/D65.png"" style= ""width:200px""alt=""img"">
                            </div>
                        </div>","-21","html-slider-response","400","1733462","0.0-396.0","h655nft9bk","11","92208","","","0","","","","evil","images/D65.png"
"NaN","<div style=""width:500px;"">
                            <p style=""font-size:50px; font-weight:bold;""
                            >evil</p>
                            <div style=""width:240px; margin: auto;"">
                                <img src=""images/D104.png"" style= ""width:200px""alt=""img"">
                            </div>
                        </div>","180","html-slider-response","401","1735664","0.0-397.0","h655nft9bk","11","92208","","","0","","","","evil","images/D104.png"
"NaN","<div style=""width:500px;"">
                            <p style=""font-size:50px; font-weight:bold;""
                            >evil</p>
                            <div style=""width:240px; margin: auto;"">
                                <img src=""images/D87.png"" style= ""width:200px""alt=""img"">
                            </div>
                        </div>","153","html-slider-response","402","1737509","0.0-398.0","h655nft9bk","11","92208","","","0","","","","evil","images/D87.png"
"NaN","<div style=""width:500px;"">
                            <p style=""font-size:50px; font-weight:bold;""
                            >love</p>
                            <div style=""width:240px; margin: auto;"">
                                <img src=""images/D37.png"" style= ""width:200px""alt=""img"">
                            </div>
                        </div>","169","html-slider-response","403","1739938","0.0-399.0","h655nft9bk","11","92208","","","0","","","","love","images/D37.png"
"NaN","<div style=""width:500px;"">
                            <p style=""font-size:50px; font-weight:bold;""
                            >peace</p>
                            <div style=""width:240px; margin: auto;"">
                                <img src=""images/D19.png"" style= ""width:200px""alt=""img"">
                            </div>
                        </div>","-106","html-slider-response","404","1742288","0.0-400.0","h655nft9bk","11","92208","","","0","","","","peace","images/D19.png"
"NaN","<div style=""width:500px;"">
                            <p style=""font-size:50px; font-weight:bold;""
                            >evil</p>
                            <div style=""width:240px; margin: auto;"">
                                <img src=""images/D14.png"" style= ""width:200px""alt=""img"">
                            </div>
                        </div>","42","html-slider-response","405","1744476","0.0-401.0","h655nft9bk","11","92208","","","0","","","","evil","images/D14.png"
"NaN","<div style=""width:500px;"">
                            <p style=""font-size:50px; font-weight:bold;""
                            >evil</p>
                            <div style=""width:240px; margin: auto;"">
                                <img src=""images/D79.png"" style= ""width:200px""alt=""img"">
                            </div>
                        </div>","23","html-slider-response","406","1746522","0.0-402.0","h655nft9bk","11","92208","","","0","","","","evil","images/D79.png"
"NaN","<div style=""width:500px;"">
                            <p style=""font-size:50px; font-weight:bold;""
                            >peace</p>
                            <div style=""width:240px; margin: auto;"">
                                <img src=""images/D81.png"" style= ""width:200px""alt=""img"">
                            </div>
                        </div>","-47","html-slider-response","407","1749468","0.0-403.0","h655nft9bk","11","92208","","","0","","","","peace","images/D81.png"
"NaN","<div style=""width:500px;"">
                            <p style=""font-size:50px; font-weight:bold;""
                            >peace</p>
                            <div style=""width:240px; margin: auto;"">
                                <img src=""images/D56.png"" style= ""width:200px""alt=""img"">
                            </div>
                        </div>","137","html-slider-response","408","1752312","0.0-404.0","h655nft9bk","11","92208","","","0","","","","peace","images/D56.png"
"NaN","<div style=""width:500px;"">
                            <p style=""font-size:50px; font-weight:bold;""
                            >love</p>
                            <div style=""width:240px; margin: auto;"">
                                <img src=""images/D92.png"" style= ""width:200px""alt=""img"">
                            </div>
                        </div>","45","html-slider-response","409","1755155","0.0-405.0","h655nft9bk","11","92208","","","0","","","","love","images/D92.png"
"NaN","<div style=""width:500px;"">
                            <p style=""font-size:50px; font-weight:bold;""
                            >justice</p>
                            <div style=""width:240px; margin: auto;"">
                                <img src=""images/D94.png"" style= ""width:200px""alt=""img"">
                            </div>
                        </div>","37","html-slider-response","410","1757293","0.0-406.0","h655nft9bk","11","92208","","","0","","","","justice","images/D94.png"
"NaN","<div style=""width:500px;"">
                            <p style=""font-size:50px; font-weight:bold;""
                            >peace</p>
                            <div style=""width:240px; margin: auto;"">
                                <img src=""images/D57.png"" style= ""width:200px""alt=""img"">
                            </div>
                        </div>","99","html-slider-response","411","1760717","0.0-407.0","h655nft9bk","11","92208","","","0","","","","peace","images/D57.png"
"NaN","<div style=""width:500px;"">
                            <p style=""font-size:50px; font-weight:bold;""
                            >love</p>
                            <div style=""width:240px; margin: auto;"">
                                <img src=""images/D55.png"" style= ""width:200px""alt=""img"">
                            </div>
                        </div>","130","html-slider-response","412","1762976","0.0-408.0","h655nft9bk","11","92208","","","0","","","","love","images/D55.png"
"NaN","<div style=""width:500px;"">
                            <p style=""font-size:50px; font-weight:bold;""
                            >love</p>
                            <div style=""width:240px; margin: auto;"">
                                <img src=""images/D49.png"" style= ""width:200px""alt=""img"">
                            </div>
                        </div>","132","html-slider-response","413","1765399","0.0-409.0","h655nft9bk","11","92208","","","0","","","","love","images/D49.png"
"NaN","<div style=""width:500px;"">
                            <p style=""font-size:50px; font-weight:bold;""
                            >love</p>
                            <div style=""width:240px; margin: auto;"">
                                <img src=""images/D4.png"" style= ""width:200px""alt=""img"">
                            </div>
                        </div>","74","html-slider-response","414","1767755","0.0-410.0","h655nft9bk","11","92208","","","0","","","","love","images/D4.png"
"NaN","<div style=""width:500px;"">
                            <p style=""font-size:50px; font-weight:bold;""
                            >peace</p>
                            <div style=""width:240px; margin: auto;"">
                                <img src=""images/D68.png"" style= ""width:200px""alt=""img"">
                            </div>
                        </div>","-99","html-slider-response","415","1770546","0.0-411.0","h655nft9bk","11","92208","","","0","","","","peace","images/D68.png"
"NaN","<div style=""width:500px;"">
                            <p style=""font-size:50px; font-weight:bold;""
                            >peace</p>
                            <div style=""width:240px; margin: auto;"">
                                <img src=""images/D95.png"" style= ""width:200px""alt=""img"">
                            </div>
                        </div>","-166","html-slider-response","416","1772841","0.0-412.0","h655nft9bk","11","92208","","","0","","","","peace","images/D95.png"
"NaN","<div style=""width:500px;"">
                            <p style=""font-size:50px; font-weight:bold;""
                            >peace</p>
                            <div style=""width:240px; margin: auto;"">
                                <img src=""images/D36.png"" style= ""width:200px""alt=""img"">
                            </div>
                        </div>","-109","html-slider-response","417","1775389","0.0-413.0","h655nft9bk","11","92208","","","0","","","","peace","images/D36.png"
"NaN","<div style=""width:500px;"">
                            <p style=""font-size:50px; font-weight:bold;""
                            >justice</p>
                            <div style=""width:240px; margin: auto;"">
                                <img src=""images/D17.png"" style= ""width:200px""alt=""img"">
                            </div>
                        </div>","116","html-slider-response","418","1779023","0.0-414.0","h655nft9bk","11","92208","","","0","","","","justice","images/D17.png"
"NaN","<div style=""width:500px;"">
                            <p style=""font-size:50px; font-weight:bold;""
                            >love</p>
                            <div style=""width:240px; margin: auto;"">
                                <img src=""images/D103.png"" style= ""width:200px""alt=""img"">
                            </div>
                        </div>","-88","html-slider-response","419","1781866","0.0-415.0","h655nft9bk","11","92208","","","0","","","","love","images/D103.png"
"NaN","<div style=""width:500px;"">
                            <p style=""font-size:50px; font-weight:bold;""
                            >justice</p>
                            <div style=""width:240px; margin: auto;"">
                                <img src=""images/D64.png"" style= ""width:200px""alt=""img"">
                            </div>
                        </div>","122","html-slider-response","420","1784426","0.0-416.0","h655nft9bk","11","92208","","","0","","","","justice","images/D64.png"
"NaN","<div style=""width:500px;"">
                            <p style=""font-size:50px; font-weight:bold;""
                            >justice</p>
                            <div style=""width:240px; margin: auto;"">
                                <img src=""images/D83.png"" style= ""width:200px""alt=""img"">
                            </div>
                        </div>","130","html-slider-response","421","1786584","0.0-417.0","h655nft9bk","11","92208","","","0","","","","justice","images/D83.png"
"NaN","<div style=""width:500px;"">
                            <p style=""font-size:50px; font-weight:bold;""
                            >love</p>
                            <div style=""width:240px; margin: auto;"">
                                <img src=""images/D46.png"" style= ""width:200px""alt=""img"">
                            </div>
                        </div>","156","html-slider-response","422","1788421","0.0-418.0","h655nft9bk","11","92208","","","0","","","","love","images/D46.png"
"NaN","<div style=""width:500px;"">
                            <p style=""font-size:50px; font-weight:bold;""
                            >evil</p>
                            <div style=""width:240px; margin: auto;"">
                                <img src=""images/D74.png"" style= ""width:200px""alt=""img"">
                            </div>
                        </div>","-171","html-slider-response","423","1791000","0.0-419.0","h655nft9bk","11","92208","","","0","","","","evil","images/D74.png"
"NaN","<div style=""width:500px;"">
                            <p style=""font-size:50px; font-weight:bold;""
                            >justice</p>
                            <div style=""width:240px; margin: auto;"">
                                <img src=""images/D82.png"" style= ""width:200px""alt=""img"">
                            </div>
                        </div>","90","html-slider-response","424","1793266","0.0-420.0","h655nft9bk","11","92208","","","0","","","","justice","images/D82.png"
"NaN","<div style=""width:500px;"">
                            <p style=""font-size:50px; font-weight:bold;""
                            >love</p>
                            <div style=""width:240px; margin: auto;"">
                                <img src=""images/D56.png"" style= ""width:200px""alt=""img"">
                            </div>
                        </div>","130","html-slider-response","425","1795153","0.0-421.0","h655nft9bk","11","92208","","","0","","","","love","images/D56.png"
"NaN","<div style=""width:500px;"">
                            <p style=""font-size:50px; font-weight:bold;""
                            >peace</p>
                            <div style=""width:240px; margin: auto;"">
                                <img src=""images/D82.png"" style= ""width:200px""alt=""img"">
                            </div>
                        </div>","87","html-slider-response","426","1799088","0.0-422.0","h655nft9bk","11","92208","","","0","","","","peace","images/D82.png"
"NaN","<div style=""width:500px;"">
                            <p style=""font-size:50px; font-weight:bold;""
                            >justice</p>
                            <div style=""width:240px; margin: auto;"">
                                <img src=""images/D57.png"" style= ""width:200px""alt=""img"">
                            </div>
                        </div>","77","html-slider-response","427","1806783","0.0-423.0","h655nft9bk","11","92208","","","0","","","","justice","images/D57.png"
"NaN","<div style=""width:500px;"">
                            <p style=""font-size:50px; font-weight:bold;""
                            >love</p>
                            <div style=""width:240px; margin: auto;"">
                                <img src=""images/D85.png"" style= ""width:200px""alt=""img"">
                            </div>
                        </div>","-58","html-slider-response","428","1810021","0.0-424.0","h655nft9bk","11","92208","","","0","","","","love","images/D85.png"
"NaN","<div style=""width:500px;"">
                            <p style=""font-size:50px; font-weight:bold;""
                            >peace</p>
                            <div style=""width:240px; margin: auto;"">
                                <img src=""images/D4.png"" style= ""width:200px""alt=""img"">
                            </div>
                        </div>","36","html-slider-response","429","1812472","0.0-425.0","h655nft9bk","11","92208","","","0","","","","peace","images/D4.png"
"NaN","<div style=""width:500px;"">
                            <p style=""font-size:50px; font-weight:bold;""
                            >justice</p>
                            <div style=""width:240px; margin: auto;"">
                                <img src=""images/D52.png"" style= ""width:200px""alt=""img"">
                            </div>
                        </div>","130","html-slider-response","430","1815734","0.0-426.0","h655nft9bk","11","92208","","","0","","","","justice","images/D52.png"
"NaN","<div style=""width:500px;"">
                            <p style=""font-size:50px; font-weight:bold;""
                            >evil</p>
                            <div style=""width:240px; margin: auto;"">
                                <img src=""images/D25.png"" style= ""width:200px""alt=""img"">
                            </div>
                        </div>","-200","html-slider-response","431","1819123","0.0-427.0","h655nft9bk","11","92208","","","0","","","","evil","images/D25.png"
"NaN","<div style=""width:500px;"">
                            <p style=""font-size:50px; font-weight:bold;""
                            >love</p>
                            <div style=""width:240px; margin: auto;"">
                                <img src=""images/D52.png"" style= ""width:200px""alt=""img"">
                            </div>
                        </div>","71","html-slider-response","432","1822052","0.0-428.0","h655nft9bk","11","92208","","","0","","","","love","images/D52.png"
"NaN","<div style=""width:500px;"">
                            <p style=""font-size:50px; font-weight:bold;""
                            >love</p>
                            <div style=""width:240px; margin: auto;"">
                                <img src=""images/D8.png"" style= ""width:200px""alt=""img"">
                            </div>
                        </div>","-69","html-slider-response","433","1825758","0.0-429.0","h655nft9bk","11","92208","","","0","","","","love","images/D8.png"
"NaN","<div style=""width:500px;"">
                            <p style=""font-size:50px; font-weight:bold;""
                            >evil</p>
                            <div style=""width:240px; margin: auto;"">
                                <img src=""images/D37.png"" style= ""width:200px""alt=""img"">
                            </div>
                        </div>","-158","html-slider-response","434","1830982","0.0-430.0","h655nft9bk","11","92208","","","0","","","","evil","images/D37.png"
"NaN","<div style=""width:500px;"">
                            <p style=""font-size:50px; font-weight:bold;""
                            >peace</p>
                            <div style=""width:240px; margin: auto;"">
                                <img src=""images/D104.png"" style= ""width:200px""alt=""img"">
                            </div>
                        </div>","-129","html-slider-response","435","1833376","0.0-431.0","h655nft9bk","11","92208","","","0","","","","peace","images/D104.png"
"NaN","<div style=""width:500px;"">
                            <p style=""font-size:50px; font-weight:bold;""
                            >evil</p>
                            <div style=""width:240px; margin: auto;"">
                                <img src=""images/D48.png"" style= ""width:200px""alt=""img"">
                            </div>
                        </div>","-91","html-slider-response","436","1842574","0.0-432.0","h655nft9bk","11","92208","","","0","","","","evil","images/D48.png"
"NaN","<div style=""width:500px;"">
                            <p style=""font-size:50px; font-weight:bold;""
                            >love</p>
                            <div style=""width:240px; margin: auto;"">
                                <img src=""images/D47.png"" style= ""width:200px""alt=""img"">
                            </div>
                        </div>","114","html-slider-response","437","1846437","0.0-433.0","h655nft9bk","11","92208","","","0","","","","love","images/D47.png"
"NaN","<div style=""width:500px;"">
                            <p style=""font-size:50px; font-weight:bold;""
                            >evil</p>
                            <div style=""width:240px; margin: auto;"">
                                <img src=""images/D102.png"" style= ""width:200px""alt=""img"">
                            </div>
                        </div>","-100","html-slider-response","438","1852447","0.0-434.0","h655nft9bk","11","92208","","","0","","","","evil","images/D102.png"
"NaN","<div style=""width:500px;"">
                            <p style=""font-size:50px; font-weight:bold;""
                            >evil</p>
                            <div style=""width:240px; margin: auto;"">
                                <img src=""images/D36.png"" style= ""width:200px""alt=""img"">
                            </div>
                        </div>","-97","html-slider-response","439","1855631","0.0-435.0","h655nft9bk","11","92208","","","0","","","","evil","images/D36.png"
"NaN","<div style=""width:500px;"">
                            <p style=""font-size:50px; font-weight:bold;""
                            >peace</p>
                            <div style=""width:240px; margin: auto;"">
                                <img src=""images/D111.png"" style= ""width:200px""alt=""img"">
                            </div>
                        </div>","-112","html-slider-response","440","1857927","0.0-436.0","h655nft9bk","11","92208","","","0","","","","peace","images/D111.png"
"NaN","<div style=""width:500px;"">
                            <p style=""font-size:50px; font-weight:bold;""
                            >peace</p>
                            <div style=""width:240px; margin: auto;"">
                                <img src=""images/D79.png"" style= ""width:200px""alt=""img"">
                            </div>
                        </div>","-83","html-slider-response","441","1862821","0.0-437.0","h655nft9bk","11","92208","","","0","","","","peace","images/D79.png"
"NaN","<div style=""width:500px;"">
                            <p style=""font-size:50px; font-weight:bold;""
                            >love</p>
                            <div style=""width:240px; margin: auto;"">
                                <img src=""images/D64.png"" style= ""width:200px""alt=""img"">
                            </div>
                        </div>","131","html-slider-response","442","1866020","0.0-438.0","h655nft9bk","11","92208","","","0","","","","love","images/D64.png"
"NaN","<div style=""width:500px;"">
                            <p style=""font-size:50px; font-weight:bold;""
                            >justice</p>
                            <div style=""width:240px; margin: auto;"">
                                <img src=""images/D95.png"" style= ""width:200px""alt=""img"">
                            </div>
                        </div>","-118","html-slider-response","443","1868738","0.0-439.0","h655nft9bk","11","92208","","","0","","","","justice","images/D95.png"
"NaN","<div style=""width:500px;"">
                            <p style=""font-size:50px; font-weight:bold;""
                            >justice</p>
                            <div style=""width:240px; margin: auto;"">
                                <img src=""images/D34.png"" style= ""width:200px""alt=""img"">
                            </div>
                        </div>","99","html-slider-response","444","1871302","0.0-440.0","h655nft9bk","11","92208","","","0","","","","justice","images/D34.png"
"NaN","<div style=""width:500px;"">
                            <p style=""font-size:50px; font-weight:bold;""
                            >evil</p>
                            <div style=""width:240px; margin: auto;"">
                                <img src=""images/D57.png"" style= ""width:200px""alt=""img"">
                            </div>
                        </div>","-127","html-slider-response","445","1874013","0.0-441.0","h655nft9bk","11","92208","","","0","","","","evil","images/D57.png"
"NaN","<div style=""width:500px;"">
                            <p style=""font-size:50px; font-weight:bold;""
                            >evil</p>
                            <div style=""width:240px; margin: auto;"">
                                <img src=""images/D19.png"" style= ""width:200px""alt=""img"">
                            </div>
                        </div>","102","html-slider-response","446","1875912","0.0-442.0","h655nft9bk","11","92208","","","0","","","","evil","images/D19.png"
"NaN","<div style=""width:500px;"">
                            <p style=""font-size:50px; font-weight:bold;""
                            >peace</p>
                            <div style=""width:240px; margin: auto;"">
                                <img src=""images/D34.png"" style= ""width:200px""alt=""img"">
                            </div>
                        </div>","76","html-slider-response","447","1879657","0.0-443.0","h655nft9bk","11","92208","","","0","","","","peace","images/D34.png"
"NaN","<div style=""width:500px;"">
                            <p style=""font-size:50px; font-weight:bold;""
                            >justice</p>
                            <div style=""width:240px; margin: auto;"">
                                <img src=""images/D26.png"" style= ""width:200px""alt=""img"">
                            </div>
                        </div>","200","html-slider-response","448","1881615","0.0-444.0","h655nft9bk","11","92208","","","0","","","","justice","images/D26.png"
"NaN","<div style=""width:500px;"">
                            <p style=""font-size:50px; font-weight:bold;""
                            >love</p>
                            <div style=""width:240px; margin: auto;"">
                                <img src=""images/D83.png"" style= ""width:200px""alt=""img"">
                            </div>
                        </div>","134","html-slider-response","449","1883640","0.0-445.0","h655nft9bk","11","92208","","","0","","","","love","images/D83.png"
"NaN","<div style=""width:500px;"">
                            <p style=""font-size:50px; font-weight:bold;""
                            >evil</p>
                            <div style=""width:240px; margin: auto;"">
                                <img src=""images/D47.png"" style= ""width:200px""alt=""img"">
                            </div>
                        </div>","-112","html-slider-response","450","1887370","0.0-446.0","h655nft9bk","11","92208","","","0","","","","evil","images/D47.png"
"NaN","<div style=""width:500px;"">
                            <p style=""font-size:50px; font-weight:bold;""
                            >justice</p>
                            <div style=""width:240px; margin: auto;"">
                                <img src=""images/D4.png"" style= ""width:200px""alt=""img"">
                            </div>
                        </div>","48","html-slider-response","451","1890454","0.0-447.0","h655nft9bk","11","92208","","","0","","","","justice","images/D4.png"
"NaN","<div style=""width:500px;"">
                            <p style=""font-size:50px; font-weight:bold;""
                            >evil</p>
                            <div style=""width:240px; margin: auto;"">
                                <img src=""images/D11.png"" style= ""width:200px""alt=""img"">
                            </div>
                        </div>","-31","html-slider-response","452","1894592","0.0-448.0","h655nft9bk","11","92208","","","0","","","","evil","images/D11.png"
"NaN","<div style=""width:500px;"">
                            <p style=""font-size:50px; font-weight:bold;""
                            >love</p>
                            <div style=""width:240px; margin: auto;"">
                                <img src=""images/D111.png"" style= ""width:200px""alt=""img"">
                            </div>
                        </div>","-67","html-slider-response","453","1897030","0.0-449.0","h655nft9bk","11","92208","","","0","","","","love","images/D111.png"
"NaN","<div style=""width:500px;"">
                            <p style=""font-size:50px; font-weight:bold;""
                            >justice</p>
                            <div style=""width:240px; margin: auto;"">
                                <img src=""images/D102.png"" style= ""width:200px""alt=""img"">
                            </div>
                        </div>","98","html-slider-response","454","1899150","0.0-450.0","h655nft9bk","11","92208","","","0","","","","justice","images/D102.png"
"NaN","<div style=""width:500px;"">
                            <p style=""font-size:50px; font-weight:bold;""
                            >justice</p>
                            <div style=""width:240px; margin: auto;"">
                                <img src=""images/D103.png"" style= ""width:200px""alt=""img"">
                            </div>
                        </div>","-139","html-slider-response","455","1901813","0.0-451.0","h655nft9bk","11","92208","","","0","","","","justice","images/D103.png"
"NaN","<div style=""width:500px;"">
                            <p style=""font-size:50px; font-weight:bold;""
                            >evil</p>
                            <div style=""width:240px; margin: auto;"">
                                <img src=""images/D51.png"" style= ""width:200px""alt=""img"">
                            </div>
                        </div>","163","html-slider-response","456","1906371","0.0-452.0","h655nft9bk","11","92208","","","0","","","","evil","images/D51.png"
"NaN","<div style=""width:500px;"">
                            <p style=""font-size:50px; font-weight:bold;""
                            >justice</p>
                            <div style=""width:240px; margin: auto;"">
                                <img src=""images/D75.png"" style= ""width:200px""alt=""img"">
                            </div>
                        </div>","-51","html-slider-response","457","1909144","0.0-453.0","h655nft9bk","11","92208","","","0","","","","justice","images/D75.png"
"NaN","<div style=""width:500px;"">
                            <p style=""font-size:50px; font-weight:bold;""
                            >peace</p>
                            <div style=""width:240px; margin: auto;"">
                                <img src=""images/D105.png"" style= ""width:200px""alt=""img"">
                            </div>
                        </div>","63","html-slider-response","458","1911515","0.0-454.0","h655nft9bk","11","92208","","","0","","","","peace","images/D105.png"
"NaN","<div style=""width:500px;"">
                            <p style=""font-size:50px; font-weight:bold;""
                            >evil</p>
                            <div style=""width:240px; margin: auto;"">
                                <img src=""images/D16.png"" style= ""width:200px""alt=""img"">
                            </div>
                        </div>","10","html-slider-response","459","1913782","0.0-455.0","h655nft9bk","11","92208","","","0","","","","evil","images/D16.png"
"NaN","<div style=""width:500px;"">
                            <p style=""font-size:50px; font-weight:bold;""
                            >evil</p>
                            <div style=""width:240px; margin: auto;"">
                                <img src=""images/D46.png"" style= ""width:200px""alt=""img"">
                            </div>
                        </div>","-86","html-slider-response","460","1916006","0.0-456.0","h655nft9bk","11","92208","","","0","","","","evil","images/D46.png"
"NaN","<div style=""width:500px;"">
                            <p style=""font-size:50px; font-weight:bold;""
                            >peace</p>
                            <div style=""width:240px; margin: auto;"">
                                <img src=""images/D85.png"" style= ""width:200px""alt=""img"">
                            </div>
                        </div>","-39","html-slider-response","461","1918565","0.0-457.0","h655nft9bk","11","92208","","","0","","","","peace","images/D85.png"
"NaN","<div style=""width:500px;"">
                            <p style=""font-size:50px; font-weight:bold;""
                            >evil</p>
                            <div style=""width:240px; margin: auto;"">
                                <img src=""images/D103.png"" style= ""width:200px""alt=""img"">
                            </div>
                        </div>","163","html-slider-response","462","1920966","0.0-458.0","h655nft9bk","11","92208","","","0","","","","evil","images/D103.png"
"NaN","<div style=""width:500px;"">
                            <p style=""font-size:50px; font-weight:bold;""
                            >justice</p>
                            <div style=""width:240px; margin: auto;"">
                                <img src=""images/D47.png"" style= ""width:200px""alt=""img"">
                            </div>
                        </div>","61","html-slider-response","463","1923393","0.0-459.0","h655nft9bk","11","92208","","","0","","","","justice","images/D47.png"
"NaN","<div style=""width:500px;"">
                            <p style=""font-size:50px; font-weight:bold;""
                            >peace</p>
                            <div style=""width:240px; margin: auto;"">
                                <img src=""images/D53.png"" style= ""width:200px""alt=""img"">
                            </div>
                        </div>","80","html-slider-response","464","1925552","0.0-460.0","h655nft9bk","11","92208","","","0","","","","peace","images/D53.png"
"NaN","<div style=""width:500px;"">
                            <p style=""font-size:50px; font-weight:bold;""
                            >evil</p>
                            <div style=""width:240px; margin: auto;"">
                                <img src=""images/D26.png"" style= ""width:200px""alt=""img"">
                            </div>
                        </div>","-173","html-slider-response","465","1929149","0.0-461.0","h655nft9bk","11","92208","","","0","","","","evil","images/D26.png"
"NaN","<div style=""width:500px;"">
                            <p style=""font-size:50px; font-weight:bold;""
                            >love</p>
                            <div style=""width:240px; margin: auto;"">
                                <img src=""images/D84.png"" style= ""width:200px""alt=""img"">
                            </div>
                        </div>","114","html-slider-response","466","1934804","0.0-462.0","h655nft9bk","11","92208","","","0","","","","love","images/D84.png"
"NaN","<div style=""width:500px;"">
                            <p style=""font-size:50px; font-weight:bold;""
                            >justice</p>
                            <div style=""width:240px; margin: auto;"">
                                <img src=""images/D96.png"" style= ""width:200px""alt=""img"">
                            </div>
                        </div>","-188","html-slider-response","467","1937278","0.0-463.0","h655nft9bk","11","92208","","","0","","","","justice","images/D96.png"
"NaN","<div style=""width:500px;"">
                            <p style=""font-size:50px; font-weight:bold;""
                            >justice</p>
                            <div style=""width:240px; margin: auto;"">
                                <img src=""images/D46.png"" style= ""width:200px""alt=""img"">
                            </div>
                        </div>","61","html-slider-response","468","1939752","0.0-464.0","h655nft9bk","11","92208","","","0","","","","justice","images/D46.png"
"NaN","<div style=""width:500px;"">
                            <p style=""font-size:50px; font-weight:bold;""
                            >love</p>
                            <div style=""width:240px; margin: auto;"">
                                <img src=""images/D53.png"" style= ""width:200px""alt=""img"">
                            </div>
                        </div>","46","html-slider-response","469","1941882","0.0-465.0","h655nft9bk","11","92208","","","0","","","","love","images/D53.png"
"NaN","<div style=""width:500px;"">
                            <p style=""font-size:50px; font-weight:bold;""
                            >justice</p>
                            <div style=""width:240px; margin: auto;"">
                                <img src=""images/D92.png"" style= ""width:200px""alt=""img"">
                            </div>
                        </div>","30","html-slider-response","470","1952820","0.0-466.0","h655nft9bk","11","92208","","","0","","","","justice","images/D92.png"
"NaN","<div style=""width:500px;"">
                            <p style=""font-size:50px; font-weight:bold;""
                            >justice</p>
                            <div style=""width:240px; margin: auto;"">
                                <img src=""images/D16.png"" style= ""width:200px""alt=""img"">
                            </div>
                        </div>","102","html-slider-response","471","1954899","0.0-467.0","h655nft9bk","11","92208","","","0","","","","justice","images/D16.png"
"NaN","<div style=""width:500px;"">
                            <p style=""font-size:50px; font-weight:bold;""
                            >evil</p>
                            <div style=""width:240px; margin: auto;"">
                                <img src=""images/D20.png"" style= ""width:200px""alt=""img"">
                            </div>
                        </div>","-77","html-slider-response","472","1958221","0.0-468.0","h655nft9bk","11","92208","","","0","","","","evil","images/D20.png"
"NaN","<div style=""width:500px;"">
                            <p style=""font-size:50px; font-weight:bold;""
                            >peace</p>
                            <div style=""width:240px; margin: auto;"">
                                <img src=""images/D37.png"" style= ""width:200px""alt=""img"">
                            </div>
                        </div>","200","html-slider-response","473","1960168","0.0-469.0","h655nft9bk","11","92208","","","0","","","","peace","images/D37.png"
"NaN","<div style=""width:500px;"">
                            <p style=""font-size:50px; font-weight:bold;""
                            >evil</p>
                            <div style=""width:240px; margin: auto;"">
                                <img src=""images/D84.png"" style= ""width:200px""alt=""img"">
                            </div>
                        </div>","32","html-slider-response","474","1962302","0.0-470.0","h655nft9bk","11","92208","","","0","","","","evil","images/D84.png"
"NaN","<div style=""width:500px;"">
                            <p style=""font-size:50px; font-weight:bold;""
                            >peace</p>
                            <div style=""width:240px; margin: auto;"">
                                <img src=""images/D66.png"" style= ""width:200px""alt=""img"">
                            </div>
                        </div>","-86","html-slider-response","475","1964084","0.0-471.0","h655nft9bk","11","92208","","","0","","","","peace","images/D66.png"
"NaN","<div style=""width:500px;"">
                            <p style=""font-size:50px; font-weight:bold;""
                            >justice</p>
                            <div style=""width:240px; margin: auto;"">
                                <img src=""images/D36.png"" style= ""width:200px""alt=""img"">
                            </div>
                        </div>","-61","html-slider-response","476","1965845","0.0-472.0","h655nft9bk","11","92208","","","0","","","","justice","images/D36.png"
"NaN","<div style=""width:500px;"">
                            <p style=""font-size:50px; font-weight:bold;""
                            >justice</p>
                            <div style=""width:240px; margin: auto;"">
                                <img src=""images/D77.png"" style= ""width:200px""alt=""img"">
                            </div>
                        </div>","90","html-slider-response","477","1968030","0.0-473.0","h655nft9bk","11","92208","","","0","","","","justice","images/D77.png"
"NaN","<div style=""width:500px;"">
                            <p style=""font-size:50px; font-weight:bold;""
                            >peace</p>
                            <div style=""width:240px; margin: auto;"">
                                <img src=""images/D78.png"" style= ""width:200px""alt=""img"">
                            </div>
                        </div>","-89","html-slider-response","478","1970005","0.0-474.0","h655nft9bk","11","92208","","","0","","","","peace","images/D78.png"
"NaN","<div style=""width:500px;"">
                            <p style=""font-size:50px; font-weight:bold;""
                            >peace</p>
                            <div style=""width:240px; margin: auto;"">
                                <img src=""images/D55.png"" style= ""width:200px""alt=""img"">
                            </div>
                        </div>","33","html-slider-response","479","1973433","0.0-475.0","h655nft9bk","11","92208","","","0","","","","peace","images/D55.png"
"NaN","<div style=""width:500px;"">
                            <p style=""font-size:50px; font-weight:bold;""
                            >peace</p>
                            <div style=""width:240px; margin: auto;"">
                                <img src=""images/D25.png"" style= ""width:200px""alt=""img"">
                            </div>
                        </div>","199","html-slider-response","480","1975950","0.0-476.0","h655nft9bk","11","92208","","","0","","","","peace","images/D25.png"
"NaN","<div style=""width:500px;"">
                            <p style=""font-size:50px; font-weight:bold;""
                            >evil</p>
                            <div style=""width:240px; margin: auto;"">
                                <img src=""images/D66.png"" style= ""width:200px""alt=""img"">
                            </div>
                        </div>","66","html-slider-response","481","1978524","0.0-477.0","h655nft9bk","11","92208","","","0","","","","evil","images/D66.png"
"NaN","<div style=""width:500px;"">
                            <p style=""font-size:50px; font-weight:bold;""
                            >justice</p>
                            <div style=""width:240px; margin: auto;"">
                                <img src=""images/D81.png"" style= ""width:200px""alt=""img"">
                            </div>
                        </div>","-117","html-slider-response","482","1981589","0.0-478.0","h655nft9bk","11","92208","","","0","","","","justice","images/D81.png"
"NaN","<div style=""width:500px;"">
                            <p style=""font-size:50px; font-weight:bold;""
                            >justice</p>
                            <div style=""width:240px; margin: auto;"">
                                <img src=""images/D65.png"" style= ""width:200px""alt=""img"">
                            </div>
                        </div>","70","html-slider-response","483","1984535","0.0-479.0","h655nft9bk","11","92208","","","0","","","","justice","images/D65.png"
"NaN","<div style=""width:500px;"">
                            <p style=""font-size:50px; font-weight:bold;""
                            >love</p>
                            <div style=""width:240px; margin: auto;"">
                                <img src=""images/D101.png"" style= ""width:200px""alt=""img"">
                            </div>
                        </div>","92","html-slider-response","484","1986745","0.0-480.0","h655nft9bk","11","92208","","","0","","","","love","images/D101.png"
"NaN","<div style=""width:500px;"">
                            <p style=""font-size:50px; font-weight:bold;""
                            >evil</p>
                            <div style=""width:240px; margin: auto;"">
                                <img src=""images/D53.png"" style= ""width:200px""alt=""img"">
                            </div>
                        </div>","-86","html-slider-response","485","1993185","0.0-481.0","h655nft9bk","11","92208","","","0","","","","evil","images/D53.png"
"NaN","<div style=""width:500px;"">
                            <p style=""font-size:50px; font-weight:bold;""
                            >love</p>
                            <div style=""width:240px; margin: auto;"">
                                <img src=""images/D20.png"" style= ""width:200px""alt=""img"">
                            </div>
                        </div>","81","html-slider-response","486","2001226","0.0-482.0","h655nft9bk","11","92208","","","0","","","","love","images/D20.png"
"NaN","<div style=""width:500px;"">
                            <p style=""font-size:50px; font-weight:bold;""
                            >peace</p>
                            <div style=""width:240px; margin: auto;"">
                                <img src=""images/D94.png"" style= ""width:200px""alt=""img"">
                            </div>
                        </div>","-98","html-slider-response","487","2003618","0.0-483.0","h655nft9bk","11","92208","","","0","","","","peace","images/D94.png"
"NaN","<div style=""width:500px;"">
                            <p style=""font-size:50px; font-weight:bold;""
                            >evil</p>
                            <div style=""width:240px; margin: auto;"">
                                <img src=""images/D17.png"" style= ""width:200px""alt=""img"">
                            </div>
                        </div>","45","html-slider-response","488","2006364","0.0-484.0","h655nft9bk","11","92208","","","0","","","","evil","images/D17.png"
"NaN","<div style=""width:500px;"">
                            <p style=""font-size:50px; font-weight:bold;""
                            >evil</p>
                            <div style=""width:240px; margin: auto;"">
                                <img src=""images/D82.png"" style= ""width:200px""alt=""img"">
                            </div>
                        </div>","92","html-slider-response","489","2011900","0.0-485.0","h655nft9bk","11","92208","","","0","","","","evil","images/D82.png"
"NaN","<div style=""width:500px;"">
                            <p style=""font-size:50px; font-weight:bold;""
                            >love</p>
                            <div style=""width:240px; margin: auto;"">
                                <img src=""images/D22.png"" style= ""width:200px""alt=""img"">
                            </div>
                        </div>","-110","html-slider-response","490","2014866","0.0-486.0","h655nft9bk","11","92208","","","0","","","","love","images/D22.png"
"NaN","<div style=""width:500px;"">
                            <p style=""font-size:50px; font-weight:bold;""
                            >evil</p>
                            <div style=""width:240px; margin: auto;"">
                                <img src=""images/D101.png"" style= ""width:200px""alt=""img"">
                            </div>
                        </div>","50","html-slider-response","491","2028808","0.0-487.0","h655nft9bk","11","92208","","","0","","","","evil","images/D101.png"
"NaN","<div style=""width:500px;"">
                            <p style=""font-size:50px; font-weight:bold;""
                            >justice</p>
                            <div style=""width:240px; margin: auto;"">
                                <img src=""images/D18.png"" style= ""width:200px""alt=""img"">
                            </div>
                        </div>","-126","html-slider-response","492","2030983","0.0-488.0","h655nft9bk","11","92208","","","0","","","","justice","images/D18.png"
"NaN","<div style=""width:500px;"">
                            <p style=""font-size:50px; font-weight:bold;""
                            >love</p>
                            <div style=""width:240px; margin: auto;"">
                                <img src=""images/D82.png"" style= ""width:200px""alt=""img"">
                            </div>
                        </div>","-61","html-slider-response","493","2036915","0.0-489.0","h655nft9bk","11","92208","","","0","","","","love","images/D82.png"
"NaN","<div style=""width:500px;"">
                            <p style=""font-size:50px; font-weight:bold;""
                            >love</p>
                            <div style=""width:240px; margin: auto;"">
                                <img src=""images/D17.png"" style= ""width:200px""alt=""img"">
                            </div>
                        </div>","46","html-slider-response","494","2038965","0.0-490.0","h655nft9bk","11","92208","","","0","","","","love","images/D17.png"
"NaN","<div style=""width:500px;"">
                            <p style=""font-size:50px; font-weight:bold;""
                            >justice</p>
                            <div style=""width:240px; margin: auto;"">
                                <img src=""images/D1.png"" style= ""width:200px""alt=""img"">
                            </div>
                        </div>","38","html-slider-response","495","2041848","0.0-491.0","h655nft9bk","11","92208","","","0","","","","justice","images/D1.png"
"NaN","<div style=""width:500px;"">
                            <p style=""font-size:50px; font-weight:bold;""
                            >love</p>
                            <div style=""width:240px; margin: auto;"">
                                <img src=""images/D26.png"" style= ""width:200px""alt=""img"">
                            </div>
                        </div>","124","html-slider-response","496","2060573","0.0-492.0","h655nft9bk","11","92208","","","0","","","","love","images/D26.png"
"NaN","<div style=""width:500px;"">
                            <p style=""font-size:50px; font-weight:bold;""
                            >evil</p>
                            <div style=""width:240px; margin: auto;"">
                                <img src=""images/D92.png"" style= ""width:200px""alt=""img"">
                            </div>
                        </div>","-67","html-slider-response","497","2065402","0.0-493.0","h655nft9bk","11","92208","","","0","","","","evil","images/D92.png"
"NaN","<div style=""width:500px;"">
                            <p style=""font-size:50px; font-weight:bold;""
                            >love</p>
                            <div style=""width:240px; margin: auto;"">
                                <img src=""images/D48.png"" style= ""width:200px""alt=""img"">
                            </div>
                        </div>","42","html-slider-response","498","2067372","0.0-494.0","h655nft9bk","11","92208","","","0","","","","love","images/D48.png"
"NaN","<div style=""width:500px;"">
                            <p style=""font-size:50px; font-weight:bold;""
                            >justice</p>
                            <div style=""width:240px; margin: auto;"">
                                <img src=""images/D85.png"" style= ""width:200px""alt=""img"">
                            </div>
                        </div>","-51","html-slider-response","499","2071695","0.0-495.0","h655nft9bk","11","92208","","","0","","","","justice","images/D85.png"
"NaN","<div style=""width:500px;"">
                            <p style=""font-size:50px; font-weight:bold;""
                            >evil</p>
                            <div style=""width:240px; margin: auto;"">
                                <img src=""images/D95.png"" style= ""width:200px""alt=""img"">
                            </div>
                        </div>","-159","html-slider-response","500","2074815","0.0-496.0","h655nft9bk","11","92208","","","0","","","","evil","images/D95.png"
"NaN","<div style=""width:500px;"">
                            <p style=""font-size:50px; font-weight:bold;""
                            >justice</p>
                            <div style=""width:240px; margin: auto;"">
                                <img src=""images/D55.png"" style= ""width:200px""alt=""img"">
                            </div>
                        </div>","105","html-slider-response","501","2079065","0.0-497.0","h655nft9bk","11","92208","","","0","","","","justice","images/D55.png"
"NaN","<div style=""width:500px;"">
                            <p style=""font-size:50px; font-weight:bold;""
                            >peace</p>
                            <div style=""width:240px; margin: auto;"">
                                <img src=""images/D14.png"" style= ""width:200px""alt=""img"">
                            </div>
                        </div>","80","html-slider-response","502","2090174","0.0-498.0","h655nft9bk","11","92208","","","0","","","","peace","images/D14.png"
"NaN","<div style=""width:500px;"">
                            <p style=""font-size:50px; font-weight:bold;""
                            >evil</p>
                            <div style=""width:240px; margin: auto;"">
                                <img src=""images/D8.png"" style= ""width:200px""alt=""img"">
                            </div>
                        </div>","43","html-slider-response","503","2092286","0.0-499.0","h655nft9bk","11","92208","","","0","","","","evil","images/D8.png"
"NaN","<div style=""width:500px;"">
                            <p style=""font-size:50px; font-weight:bold;""
                            >peace</p>
                            <div style=""width:240px; margin: auto;"">
                                <img src=""images/D49.png"" style= ""width:200px""alt=""img"">
                            </div>
                        </div>","110","html-slider-response","504","2094223","0.0-500.0","h655nft9bk","11","92208","","","0","","","","peace","images/D49.png"
"NaN","<div style=""width:500px;"">
                            <p style=""font-size:50px; font-weight:bold;""
                            >love</p>
                            <div style=""width:240px; margin: auto;"">
                                <img src=""images/D74.png"" style= ""width:200px""alt=""img"">
                            </div>
                        </div>","140","html-slider-response","505","2096661","0.0-501.0","h655nft9bk","11","92208","","","0","","","","love","images/D74.png"
"NaN","<div style=""width:500px;"">
                            <p style=""font-size:50px; font-weight:bold;""
                            >peace</p>
                            <div style=""width:240px; margin: auto;"">
                                <img src=""images/D16.png"" style= ""width:200px""alt=""img"">
                            </div>
                        </div>","123","html-slider-response","506","2099111","0.0-502.0","h655nft9bk","11","92208","","","0","","","","peace","images/D16.png"
"NaN","<div style=""width:500px;"">
                            <p style=""font-size:50px; font-weight:bold;""
                            >justice</p>
                            <div style=""width:240px; margin: auto;"">
                                <img src=""images/D78.png"" style= ""width:200px""alt=""img"">
                            </div>
                        </div>","-102","html-slider-response","507","2101472","0.0-503.0","h655nft9bk","11","92208","","","0","","","","justice","images/D78.png"
"NaN","<div style=""width:500px;"">
                            <p style=""font-size:50px; font-weight:bold;""
                            >love</p>
                            <div style=""width:240px; margin: auto;"">
                                <img src=""images/D76.png"" style= ""width:200px""alt=""img"">
                            </div>
                        </div>","-139","html-slider-response","508","2103759","0.0-504.0","h655nft9bk","11","92208","","","0","","","","love","images/D76.png"
"NaN","<div style=""width:500px;"">
                            <p style=""font-size:50px; font-weight:bold;""
                            >evil</p>
                            <div style=""width:240px; margin: auto;"">
                                <img src=""images/D22.png"" style= ""width:200px""alt=""img"">
                            </div>
                        </div>","129","html-slider-response","509","2106187","0.0-505.0","h655nft9bk","11","92208","","","0","","","","evil","images/D22.png"
"NaN","<div style=""width:500px;"">
                            <p style=""font-size:50px; font-weight:bold;""
                            >justice</p>
                            <div style=""width:240px; margin: auto;"">
                                <img src=""images/D48.png"" style= ""width:200px""alt=""img"">
                            </div>
                        </div>","61","html-slider-response","510","2108999","0.0-506.0","h655nft9bk","11","92208","","","0","","","","justice","images/D48.png"
"NaN","<div style=""width:500px;"">
                            <p style=""font-size:50px; font-weight:bold;""
                            >evil</p>
                            <div style=""width:240px; margin: auto;"">
                                <img src=""images/D68.png"" style= ""width:200px""alt=""img"">
                            </div>
                        </div>","160","html-slider-response","511","2112568","0.0-507.0","h655nft9bk","11","92208","","","0","","","","evil","images/D68.png"
"NaN","<div style=""width:500px;"">
                            <p style=""font-size:50px; font-weight:bold;""
                            >peace</p>
                            <div style=""width:240px; margin: auto;"">
                                <img src=""images/D47.png"" style= ""width:200px""alt=""img"">
                            </div>
                        </div>","93","html-slider-response","512","2114570","0.0-508.0","h655nft9bk","11","92208","","","0","","","","peace","images/D47.png"
"NaN","<div style=""width:500px;"">
                            <p style=""font-size:50px; font-weight:bold;""
                            >love</p>
                            <div style=""width:240px; margin: auto;"">
                                <img src=""images/D57.png"" style= ""width:200px""alt=""img"">
                            </div>
                        </div>","73","html-slider-response","513","2118788","0.0-509.0","h655nft9bk","11","92208","","","0","","","","love","images/D57.png"
"NaN","<div style=""width:500px;"">
                            <p style=""font-size:50px; font-weight:bold;""
                            >love</p>
                            <div style=""width:240px; margin: auto;"">
                                <img src=""images/D104.png"" style= ""width:200px""alt=""img"">
                            </div>
                        </div>","-137","html-slider-response","514","2121312","0.0-510.0","h655nft9bk","11","92208","","","0","","","","love","images/D104.png"
"NaN","<div style=""width:500px;"">
                            <p style=""font-size:50px; font-weight:bold;""
                            >peace</p>
                            <div style=""width:240px; margin: auto;"">
                                <img src=""images/D101.png"" style= ""width:200px""alt=""img"">
                            </div>
                        </div>","36","html-slider-response","515","2123053","0.0-511.0","h655nft9bk","11","92208","","","0","","","","peace","images/D101.png"
"NaN","<div style=""width:500px;"">
                            <p style=""font-size:50px; font-weight:bold;""
                            >love</p>
                            <div style=""width:240px; margin: auto;"">
                                <img src=""images/D11.png"" style= ""width:200px""alt=""img"">
                            </div>
                        </div>","36","html-slider-response","516","2124906","0.0-512.0","h655nft9bk","11","92208","","","0","","","","love","images/D11.png"
"NaN","<div style=""width:500px;"">
                            <p style=""font-size:50px; font-weight:bold;""
                            >justice</p>
                            <div style=""width:240px; margin: auto;"">
                                <img src=""images/D76.png"" style= ""width:200px""alt=""img"">
                            </div>
                        </div>","-106","html-slider-response","517","2127361","0.0-513.0","h655nft9bk","11","92208","","","0","","","","justice","images/D76.png"
"NaN","<div style=""width:500px;"">
                            <p style=""font-size:50px; font-weight:bold;""
                            >peace</p>
                            <div style=""width:240px; margin: auto;"">
                                <img src=""images/D35.png"" style= ""width:200px""alt=""img"">
                            </div>
                        </div>","-95","html-slider-response","518","2129348","0.0-514.0","h655nft9bk","11","92208","","","0","","","","peace","images/D35.png"
"NaN","<div style=""width:500px;"">
                            <p style=""font-size:50px; font-weight:bold;""
                            >peace</p>
                            <div style=""width:240px; margin: auto;"">
                                <img src=""images/D26.png"" style= ""width:200px""alt=""img"">
                            </div>
                        </div>","192","html-slider-response","519","2131890","0.0-515.0","h655nft9bk","11","92208","","","0","","","","peace","images/D26.png"
"NaN","<div style=""width:500px;"">
                            <p style=""font-size:50px; font-weight:bold;""
                            >justice</p>
                            <div style=""width:240px; margin: auto;"">
                                <img src=""images/D25.png"" style= ""width:200px""alt=""img"">
                            </div>
                        </div>","192","html-slider-response","520","2133631","0.0-516.0","h655nft9bk","11","92208","","","0","","","","justice","images/D25.png"
"NaN","<div style=""width:500px;"">
                            <p style=""font-size:50px; font-weight:bold;""
                            >evil</p>
                            <div style=""width:240px; margin: auto;"">
                                <img src=""images/D35.png"" style= ""width:200px""alt=""img"">
                            </div>
                        </div>","146","html-slider-response","521","2137037","0.0-517.0","h655nft9bk","11","92208","","","0","","","","evil","images/D35.png"
"NaN","<div style=""width:500px;"">
                            <p style=""font-size:50px; font-weight:bold;""
                            >justice</p>
                            <div style=""width:240px; margin: auto;"">
                                <img src=""images/D84.png"" style= ""width:200px""alt=""img"">
                            </div>
                        </div>","54","html-slider-response","522","2139105","0.0-518.0","h655nft9bk","11","92208","","","0","","","","justice","images/D84.png"
"NaN","<div style=""width:500px;"">
                            <p style=""font-size:50px; font-weight:bold;""
                            >evil</p>
                            <div style=""width:240px; margin: auto;"">
                                <img src=""images/D56.png"" style= ""width:200px""alt=""img"">
                            </div>
                        </div>","-109","html-slider-response","523","2141317","0.0-519.0","h655nft9bk","11","92208","","","0","","","","evil","images/D56.png"
"NaN","<div style=""width:500px;"">
                            <p style=""font-size:50px; font-weight:bold;""
                            >love</p>
                            <div style=""width:240px; margin: auto;"">
                                <img src=""images/D16.png"" style= ""width:200px""alt=""img"">
                            </div>
                        </div>","150","html-slider-response","524","2143214","0.0-520.0","h655nft9bk","11","92208","","","0","","","","love","images/D16.png"
"NaN","<div style=""width:500px;"">
                            <p style=""font-size:50px; font-weight:bold;""
                            >evil</p>
                            <div style=""width:240px; margin: auto;"">
                                <img src=""images/D4.png"" style= ""width:200px""alt=""img"">
                            </div>
                        </div>","-48","html-slider-response","525","2147544","0.0-521.0","h655nft9bk","11","92208","","","0","","","","evil","images/D4.png"
"NaN","<div style=""width:500px;"">
                            <p style=""font-size:50px; font-weight:bold;""
                            >justice</p>
                            <div style=""width:240px; margin: auto;"">
                                <img src=""images/D79.png"" style= ""width:200px""alt=""img"">
                            </div>
                        </div>","-39","html-slider-response","526","2151056","0.0-522.0","h655nft9bk","11","92208","","","0","","","","justice","images/D79.png"
"NaN","<div style=""width:500px;"">
                            <p style=""font-size:50px; font-weight:bold;""
                            >evil</p>
                            <div style=""width:240px; margin: auto;"">
                                <img src=""images/D85.png"" style= ""width:200px""alt=""img"">
                            </div>
                        </div>","69","html-slider-response","527","2153422","0.0-523.0","h655nft9bk","11","92208","","","0","","","","evil","images/D85.png"
"NaN","<div style=""width:500px;"">
                            <p style=""font-size:50px; font-weight:bold;""
                            >justice</p>
                            <div style=""width:240px; margin: auto;"">
                                <img src=""images/D51.png"" style= ""width:200px""alt=""img"">
                            </div>
                        </div>","-159","html-slider-response","528","2155847","0.0-524.0","h655nft9bk","11","92208","","","0","","","","justice","images/D51.png"
"NaN","<div style=""width:500px;"">
                            <p style=""font-size:50px; font-weight:bold;""
                            >love</p>
                            <div style=""width:240px; margin: auto;"">
                                <img src=""images/D14.png"" style= ""width:200px""alt=""img"">
                            </div>
                        </div>","87","html-slider-response","529","2158946","0.0-525.0","h655nft9bk","11","92208","","","0","","","","love","images/D14.png"
"NaN","<div style=""width:500px;"">
                            <p style=""font-size:50px; font-weight:bold;""
                            >evil</p>
                            <div style=""width:240px; margin: auto;"">
                                <img src=""images/D18.png"" style= ""width:200px""alt=""img"">
                            </div>
                        </div>","21","html-slider-response","530","2161930","0.0-526.0","h655nft9bk","11","92208","","","0","","","","evil","images/D18.png"
"NaN","<div style=""width:500px;"">
                            <p style=""font-size:50px; font-weight:bold;""
                            >love</p>
                            <div style=""width:240px; margin: auto;"">
                                <img src=""images/D68.png"" style= ""width:200px""alt=""img"">
                            </div>
                        </div>","-141","html-slider-response","531","2164310","0.0-527.0","h655nft9bk","11","92208","","","0","","","","love","images/D68.png"
"NaN","<div style=""width:500px;"">
                            <p style=""font-size:50px; font-weight:bold;""
                            >justice</p>
                            <div style=""width:240px; margin: auto;"">
                                <img src=""images/D74.png"" style= ""width:200px""alt=""img"">
                            </div>
                        </div>","-57","html-slider-response","532","2166719","0.0-528.0","h655nft9bk","11","92208","","","0","","","","justice","images/D74.png"
"NaN","<div style=""width:500px;"">
                            <p style=""font-size:50px; font-weight:bold;""
                            >peace</p>
                            <div style=""width:240px; margin: auto;"">
                                <img src=""images/D20.png"" style= ""width:200px""alt=""img"">
                            </div>
                        </div>","70","html-slider-response","533","2168556","0.0-529.0","h655nft9bk","11","92208","","","0","","","","peace","images/D20.png"
"NaN","<div style=""width:500px;"">
                            <p style=""font-size:50px; font-weight:bold;""
                            >evil</p>
                            <div style=""width:240px; margin: auto;"">
                                <img src=""images/D55.png"" style= ""width:200px""alt=""img"">
                            </div>
                        </div>","104","html-slider-response","534","2171414","0.0-530.0","h655nft9bk","11","92208","","","0","","","","evil","images/D55.png"
"NaN","<div style=""width:500px;"">
                            <p style=""font-size:50px; font-weight:bold;""
                            >love</p>
                            <div style=""width:240px; margin: auto;"">
                                <img src=""images/D77.png"" style= ""width:200px""alt=""img"">
                            </div>
                        </div>","142","html-slider-response","535","2173807","0.0-531.0","h655nft9bk","11","92208","","","0","","","","love","images/D77.png"
"NaN","<div style=""width:500px;"">
                            <p style=""font-size:50px; font-weight:bold;""
                            >love</p>
                            <div style=""width:240px; margin: auto;"">
                                <img src=""images/D96.png"" style= ""width:200px""alt=""img"">
                            </div>
                        </div>","-190","html-slider-response","536","2176830","0.0-532.0","h655nft9bk","11","92208","","","0","","","","love","images/D96.png"
"NaN","<div style=""width:500px;"">
                            <p style=""font-size:50px; font-weight:bold;""
                            >peace</p>
                            <div style=""width:240px; margin: auto;"">
                                <img src=""images/D52.png"" style= ""width:200px""alt=""img"">
                            </div>
                        </div>","85","html-slider-response","537","2179113","0.0-533.0","h655nft9bk","11","92208","","","0","","","","peace","images/D52.png"
"NaN","<div style=""width:500px;"">
                            <p style=""font-size:50px; font-weight:bold;""
                            >love</p>
                            <div style=""width:240px; margin: auto;"">
                                <img src=""images/D94.png"" style= ""width:200px""alt=""img"">
                            </div>
                        </div>","-130","html-slider-response","538","2181149","0.0-534.0","h655nft9bk","11","92208","","","0","","","","love","images/D94.png"
"NaN","<div style=""width:500px;"">
                            <p style=""font-size:50px; font-weight:bold;""
                            >love</p>
                            <div style=""width:240px; margin: auto;"">
                                <img src=""images/D102.png"" style= ""width:200px""alt=""img"">
                            </div>
                        </div>","51","html-slider-response","539","2182640","0.0-535.0","h655nft9bk","11","92208","","","0","","","","love","images/D102.png"
"NaN","<div style=""width:500px;"">
                            <p style=""font-size:50px; font-weight:bold;""
                            >evil</p>
                            <div style=""width:240px; margin: auto;"">
                                <img src=""images/D76.png"" style= ""width:200px""alt=""img"">
                            </div>
                        </div>","-154","html-slider-response","540","2184210","0.0-536.0","h655nft9bk","11","92208","","","0","","","","evil","images/D76.png"
"NaN","<div style=""width:500px;"">
                            <p style=""font-size:50px; font-weight:bold;""
                            >evil</p>
                            <div style=""width:240px; margin: auto;"">
                                <img src=""images/D81.png"" style= ""width:200px""alt=""img"">
                            </div>
                        </div>","-185","html-slider-response","541","2186432","0.0-537.0","h655nft9bk","11","92208","","","0","","","","evil","images/D81.png"
"NaN","<div style=""width:500px;"">
                            <p style=""font-size:50px; font-weight:bold;""
                            >evil</p>
                            <div style=""width:240px; margin: auto;"">
                                <img src=""images/D49.png"" style= ""width:200px""alt=""img"">
                            </div>
                        </div>","136","html-slider-response","542","2188041","0.0-538.0","h655nft9bk","11","92208","","","0","","","","evil","images/D49.png"
"NaN","<div style=""width:500px;"">
                            <p style=""font-size:50px; font-weight:bold;""
                            >peace</p>
                            <div style=""width:240px; margin: auto;"">
                                <img src=""images/D22.png"" style= ""width:200px""alt=""img"">
                            </div>
                        </div>","-67","html-slider-response","543","2190473","0.0-539.0","h655nft9bk","11","92208","","","0","","","","peace","images/D22.png"
"NaN","<div style=""width:500px;"">
                            <p style=""font-size:50px; font-weight:bold;""
                            >justice</p>
                            <div style=""width:240px; margin: auto;"">
                                <img src=""images/D56.png"" style= ""width:200px""alt=""img"">
                            </div>
                        </div>","134","html-slider-response","544","2192687","0.0-540.0","h655nft9bk","11","92208","","","0","","","","justice","images/D56.png"
"NaN","<div style=""width:500px;"">
                            <p style=""font-size:50px; font-weight:bold;""
                            >evil</p>
                            <div style=""width:240px; margin: auto;"">
                                <img src=""images/D75.png"" style= ""width:200px""alt=""img"">
                            </div>
                        </div>","-150","html-slider-response","545","2195352","0.0-541.0","h655nft9bk","11","92208","","","0","","","","evil","images/D75.png"
"NaN","<div style=""width:500px;"">
                            <p style=""font-size:50px; font-weight:bold;""
                            >justice</p>
                            <div style=""width:240px; margin: auto;"">
                                <img src=""images/D105.png"" style= ""width:200px""alt=""img"">
                            </div>
                        </div>","-58","html-slider-response","546","2197520","0.0-542.0","h655nft9bk","11","92208","","","0","","","","justice","images/D105.png"
"NaN","<div style=""width:500px;"">
                            <p style=""font-size:50px; font-weight:bold;""
                            >justice</p>
                            <div style=""width:240px; margin: auto;"">
                                <img src=""images/D66.png"" style= ""width:200px""alt=""img"">
                            </div>
                        </div>","-45","html-slider-response","547","2200017","0.0-543.0","h655nft9bk","11","92208","","","0","","","","justice","images/D66.png"
"NaN","<div style=""width:500px;"">
                            <p style=""font-size:50px; font-weight:bold;""
                            >peace</p>
                            <div style=""width:240px; margin: auto;"">
                                <img src=""images/D48.png"" style= ""width:200px""alt=""img"">
                            </div>
                        </div>","54","html-slider-response","548","2202050","0.0-544.0","h655nft9bk","11","92208","","","0","","","","peace","images/D48.png"
"NaN","<div style=""width:500px;"">
                            <p style=""font-size:50px; font-weight:bold;""
                            >peace</p>
                            <div style=""width:240px; margin: auto;"">
                                <img src=""images/D64.png"" style= ""width:200px""alt=""img"">
                            </div>
                        </div>","139","html-slider-response","549","2204035","0.0-545.0","h655nft9bk","11","92208","","","0","","","","peace","images/D64.png"
"66240","<p>Great Job! You've finished block 4.<br></br> You have 1 block(s) left to go.<br></br></p>","0","html-button-response","550","2270779","0.0-546.0","h655nft9bk","11","92208","","","","","","","",""
"NaN","<div style=""width:500px;"">
                            <p style=""font-size:50px; font-weight:bold;""
                            >justice</p>
                            <div style=""width:240px; margin: auto;"">
                                <img src=""images/D96.png"" style= ""width:200px""alt=""img"">
                            </div>
                        </div>","-200","html-slider-response","551","2310233","0.0-547.0","h655nft9bk","11","92208","","","0","","","","justice","images/D96.png"
"NaN","<div style=""width:500px;"">
                            <p style=""font-size:50px; font-weight:bold;""
                            >peace</p>
                            <div style=""width:240px; margin: auto;"">
                                <img src=""images/D103.png"" style= ""width:200px""alt=""img"">
                            </div>
                        </div>","-46","html-slider-response","552","2314553","0.0-548.0","h655nft9bk","11","92208","","","0","","","","peace","images/D103.png"
"NaN","<div style=""width:500px;"">
                            <p style=""font-size:50px; font-weight:bold;""
                            >justice</p>
                            <div style=""width:240px; margin: auto;"">
                                <img src=""images/D49.png"" style= ""width:200px""alt=""img"">
                            </div>
                        </div>","82","html-slider-response","553","2327224","0.0-549.0","h655nft9bk","11","92208","","","0","","","","justice","images/D49.png"
"NaN","<div style=""width:500px;"">
                            <p style=""font-size:50px; font-weight:bold;""
                            >greed</p>
                            <div style=""width:240px; margin: auto;"">
                                <img src=""images/D65.png"" style= ""width:200px""alt=""img"">
                            </div>
                        </div>","142","html-slider-response","554","2333156","0.0-550.0","h655nft9bk","11","92208","","","0","","","","greed","images/D65.png"
"NaN","<div style=""width:500px;"">
                            <p style=""font-size:50px; font-weight:bold;""
                            >justice</p>
                            <div style=""width:240px; margin: auto;"">
                                <img src=""images/D1.png"" style= ""width:200px""alt=""img"">
                            </div>
                        </div>","70","html-slider-response","555","2334873","0.0-551.0","h655nft9bk","11","92208","","","0","","","","justice","images/D1.png"
"NaN","<div style=""width:500px;"">
                            <p style=""font-size:50px; font-weight:bold;""
                            >justice</p>
                            <div style=""width:240px; margin: auto;"">
                                <img src=""images/D35.png"" style= ""width:200px""alt=""img"">
                            </div>
                        </div>","-96","html-slider-response","556","2336488","0.0-552.0","h655nft9bk","11","92208","","","0","","","","justice","images/D35.png"
"NaN","<div style=""width:500px;"">
                            <p style=""font-size:50px; font-weight:bold;""
                            >justice</p>
                            <div style=""width:240px; margin: auto;"">
                                <img src=""images/D8.png"" style= ""width:200px""alt=""img"">
                            </div>
                        </div>","-62","html-slider-response","557","2339361","0.0-553.0","h655nft9bk","11","92208","","","0","","","","justice","images/D8.png"
"NaN","<div style=""width:500px;"">
                            <p style=""font-size:50px; font-weight:bold;""
                            >love</p>
                            <div style=""width:240px; margin: auto;"">
                                <img src=""images/D85.png"" style= ""width:200px""alt=""img"">
                            </div>
                        </div>","-50","html-slider-response","558","2341412","0.0-554.0","h655nft9bk","11","92208","","","0","","","","love","images/D85.png"
"NaN","<div style=""width:500px;"">
                            <p style=""font-size:50px; font-weight:bold;""
                            >love</p>
                            <div style=""width:240px; margin: auto;"">
                                <img src=""images/D105.png"" style= ""width:200px""alt=""img"">
                            </div>
                        </div>","-80","html-slider-response","559","2343465","0.0-555.0","h655nft9bk","11","92208","","","0","","","","love","images/D105.png"
"NaN","<div style=""width:500px;"">
                            <p style=""font-size:50px; font-weight:bold;""
                            >peace</p>
                            <div style=""width:240px; margin: auto;"">
                                <img src=""images/D47.png"" style= ""width:200px""alt=""img"">
                            </div>
                        </div>","106","html-slider-response","560","2345002","0.0-556.0","h655nft9bk","11","92208","","","0","","","","peace","images/D47.png"
"NaN","<div style=""width:500px;"">
                            <p style=""font-size:50px; font-weight:bold;""
                            >peace</p>
                            <div style=""width:240px; margin: auto;"">
                                <img src=""images/D104.png"" style= ""width:200px""alt=""img"">
                            </div>
                        </div>","-138","html-slider-response","561","2346711","0.0-557.0","h655nft9bk","11","92208","","","0","","","","peace","images/D104.png"
"NaN","<div style=""width:500px;"">
                            <p style=""font-size:50px; font-weight:bold;""
                            >love</p>
                            <div style=""width:240px; margin: auto;"">
                                <img src=""images/D79.png"" style= ""width:200px""alt=""img"">
                            </div>
                        </div>","-41","html-slider-response","562","2348553","0.0-558.0","h655nft9bk","11","92208","","","0","","","","love","images/D79.png"
"NaN","<div style=""width:500px;"">
                            <p style=""font-size:50px; font-weight:bold;""
                            >peace</p>
                            <div style=""width:240px; margin: auto;"">
                                <img src=""images/D74.png"" style= ""width:200px""alt=""img"">
                            </div>
                        </div>","175","html-slider-response","563","2351895","0.0-559.0","h655nft9bk","11","92208","","","0","","","","peace","images/D74.png"
"NaN","<div style=""width:500px;"">
                            <p style=""font-size:50px; font-weight:bold;""
                            >evil</p>
                            <div style=""width:240px; margin: auto;"">
                                <img src=""images/D46.png"" style= ""width:200px""alt=""img"">
                            </div>
                        </div>","-114","html-slider-response","564","2356314","0.0-560.0","h655nft9bk","11","92208","","","0","","","","evil","images/D46.png"
"NaN","<div style=""width:500px;"">
                            <p style=""font-size:50px; font-weight:bold;""
                            >peace</p>
                            <div style=""width:240px; margin: auto;"">
                                <img src=""images/D77.png"" style= ""width:200px""alt=""img"">
                            </div>
                        </div>","128","html-slider-response","565","2358729","0.0-561.0","h655nft9bk","11","92208","","","0","","","","peace","images/D77.png"
"NaN","<div style=""width:500px;"">
                            <p style=""font-size:50px; font-weight:bold;""
                            >peace</p>
                            <div style=""width:240px; margin: auto;"">
                                <img src=""images/D8.png"" style= ""width:200px""alt=""img"">
                            </div>
                        </div>","-61","html-slider-response","566","2360340","0.0-562.0","h655nft9bk","11","92208","","","0","","","","peace","images/D8.png"
"NaN","<div style=""width:500px;"">
                            <p style=""font-size:50px; font-weight:bold;""
                            >greed</p>
                            <div style=""width:240px; margin: auto;"">
                                <img src=""images/D16.png"" style= ""width:200px""alt=""img"">
                            </div>
                        </div>","138","html-slider-response","567","2363036","0.0-563.0","h655nft9bk","11","92208","","","0","","","","greed","images/D16.png"
"NaN","<div style=""width:500px;"">
                            <p style=""font-size:50px; font-weight:bold;""
                            >evil</p>
                            <div style=""width:240px; margin: auto;"">
                                <img src=""images/D64.png"" style= ""width:200px""alt=""img"">
                            </div>
                        </div>","184","html-slider-response","568","2365258","0.0-564.0","h655nft9bk","11","92208","","","0","","","","evil","images/D64.png"
"NaN","<div style=""width:500px;"">
                            <p style=""font-size:50px; font-weight:bold;""
                            >greed</p>
                            <div style=""width:240px; margin: auto;"">
                                <img src=""images/D76.png"" style= ""width:200px""alt=""img"">
                            </div>
                        </div>","-140","html-slider-response","569","2369300","0.0-565.0","h655nft9bk","11","92208","","","0","","","","greed","images/D76.png"
"NaN","<div style=""width:500px;"">
                            <p style=""font-size:50px; font-weight:bold;""
                            >greed</p>
                            <div style=""width:240px; margin: auto;"">
                                <img src=""images/D17.png"" style= ""width:200px""alt=""img"">
                            </div>
                        </div>","-122","html-slider-response","570","2372895","0.0-566.0","h655nft9bk","11","92208","","","0","","","","greed","images/D17.png"
"NaN","<div style=""width:500px;"">
                            <p style=""font-size:50px; font-weight:bold;""
                            >greed</p>
                            <div style=""width:240px; margin: auto;"">
                                <img src=""images/D92.png"" style= ""width:200px""alt=""img"">
                            </div>
                        </div>","-86","html-slider-response","571","2374882","0.0-567.0","h655nft9bk","11","92208","","","0","","","","greed","images/D92.png"
"NaN","<div style=""width:500px;"">
                            <p style=""font-size:50px; font-weight:bold;""
                            >peace</p>
                            <div style=""width:240px; margin: auto;"">
                                <img src=""images/D4.png"" style= ""width:200px""alt=""img"">
                            </div>
                        </div>","93","html-slider-response","572","2376336","0.0-568.0","h655nft9bk","11","92208","","","0","","","","peace","images/D4.png"
"NaN","<div style=""width:500px;"">
                            <p style=""font-size:50px; font-weight:bold;""
                            >greed</p>
                            <div style=""width:240px; margin: auto;"">
                                <img src=""images/D66.png"" style= ""width:200px""alt=""img"">
                            </div>
                        </div>","141","html-slider-response","573","2379508","0.0-569.0","h655nft9bk","11","92208","","","0","","","","greed","images/D66.png"
"NaN","<div style=""width:500px;"">
                            <p style=""font-size:50px; font-weight:bold;""
                            >greed</p>
                            <div style=""width:240px; margin: auto;"">
                                <img src=""images/D83.png"" style= ""width:200px""alt=""img"">
                            </div>
                        </div>","162","html-slider-response","574","2381490","0.0-570.0","h655nft9bk","11","92208","","","0","","","","greed","images/D83.png"
"NaN","<div style=""width:500px;"">
                            <p style=""font-size:50px; font-weight:bold;""
                            >love</p>
                            <div style=""width:240px; margin: auto;"">
                                <img src=""images/D96.png"" style= ""width:200px""alt=""img"">
                            </div>
                        </div>","-159","html-slider-response","575","2383669","0.0-571.0","h655nft9bk","11","92208","","","0","","","","love","images/D96.png"
"NaN","<div style=""width:500px;"">
                            <p style=""font-size:50px; font-weight:bold;""
                            >love</p>
                            <div style=""width:240px; margin: auto;"">
                                <img src=""images/D34.png"" style= ""width:200px""alt=""img"">
                            </div>
                        </div>","-81","html-slider-response","576","2390364","0.0-572.0","h655nft9bk","11","92208","","","0","","","","love","images/D34.png"
"NaN","<div style=""width:500px;"">
                            <p style=""font-size:50px; font-weight:bold;""
                            >justice</p>
                            <div style=""width:240px; margin: auto;"">
                                <img src=""images/D46.png"" style= ""width:200px""alt=""img"">
                            </div>
                        </div>","134","html-slider-response","577","2392501","0.0-573.0","h655nft9bk","11","92208","","","0","","","","justice","images/D46.png"
"NaN","<div style=""width:500px;"">
                            <p style=""font-size:50px; font-weight:bold;""
                            >love</p>
                            <div style=""width:240px; margin: auto;"">
                                <img src=""images/D22.png"" style= ""width:200px""alt=""img"">
                            </div>
                        </div>","-86","html-slider-response","578","2395607","0.0-574.0","h655nft9bk","11","92208","","","0","","","","love","images/D22.png"
"NaN","<div style=""width:500px;"">
                            <p style=""font-size:50px; font-weight:bold;""
                            >greed</p>
                            <div style=""width:240px; margin: auto;"">
                                <img src=""images/D103.png"" style= ""width:200px""alt=""img"">
                            </div>
                        </div>","128","html-slider-response","579","2398975","0.0-575.0","h655nft9bk","11","92208","","","0","","","","greed","images/D103.png"
"NaN","<div style=""width:500px;"">
                            <p style=""font-size:50px; font-weight:bold;""
                            >evil</p>
                            <div style=""width:240px; margin: auto;"">
                                <img src=""images/D25.png"" style= ""width:200px""alt=""img"">
                            </div>
                        </div>","-189","html-slider-response","580","2401274","0.0-576.0","h655nft9bk","11","92208","","","0","","","","evil","images/D25.png"
"NaN","<div style=""width:500px;"">
                            <p style=""font-size:50px; font-weight:bold;""
                            >justice</p>
                            <div style=""width:240px; margin: auto;"">
                                <img src=""images/D102.png"" style= ""width:200px""alt=""img"">
                            </div>
                        </div>","112","html-slider-response","581","2407197","0.0-577.0","h655nft9bk","11","92208","","","0","","","","justice","images/D102.png"
"NaN","<div style=""width:500px;"">
                            <p style=""font-size:50px; font-weight:bold;""
                            >evil</p>
                            <div style=""width:240px; margin: auto;"">
                                <img src=""images/D48.png"" style= ""width:200px""alt=""img"">
                            </div>
                        </div>","147","html-slider-response","582","2410951","0.0-578.0","h655nft9bk","11","92208","","","0","","","","evil","images/D48.png"
"NaN","<div style=""width:500px;"">
                            <p style=""font-size:50px; font-weight:bold;""
                            >evil</p>
                            <div style=""width:240px; margin: auto;"">
                                <img src=""images/D57.png"" style= ""width:200px""alt=""img"">
                            </div>
                        </div>","-72","html-slider-response","583","2467188","0.0-579.0","h655nft9bk","11","92208","","","0","","","","evil","images/D57.png"
"NaN","<div style=""width:500px;"">
                            <p style=""font-size:50px; font-weight:bold;""
                            >evil</p>
                            <div style=""width:240px; margin: auto;"">
                                <img src=""images/D19.png"" style= ""width:200px""alt=""img"">
                            </div>
                        </div>","147","html-slider-response","584","2469589","0.0-580.0","h655nft9bk","11","92208","","","0","","","","evil","images/D19.png"
"NaN","<div style=""width:500px;"">
                            <p style=""font-size:50px; font-weight:bold;""
                            >justice</p>
                            <div style=""width:240px; margin: auto;"">
                                <img src=""images/D92.png"" style= ""width:200px""alt=""img"">
                            </div>
                        </div>","62","html-slider-response","585","2471646","0.0-581.0","h655nft9bk","11","92208","","","0","","","","justice","images/D92.png"
"NaN","<div style=""width:500px;"">
                            <p style=""font-size:50px; font-weight:bold;""
                            >greed</p>
                            <div style=""width:240px; margin: auto;"">
                                <img src=""images/D35.png"" style= ""width:200px""alt=""img"">
                            </div>
                        </div>","-75","html-slider-response","586","2475266","0.0-582.0","h655nft9bk","11","92208","","","0","","","","greed","images/D35.png"
"NaN","<div style=""width:500px;"">
                            <p style=""font-size:50px; font-weight:bold;""
                            >justice</p>
                            <div style=""width:240px; margin: auto;"">
                                <img src=""images/D4.png"" style= ""width:200px""alt=""img"">
                            </div>
                        </div>","43","html-slider-response","587","2476885","0.0-583.0","h655nft9bk","11","92208","","","0","","","","justice","images/D4.png"
"NaN","<div style=""width:500px;"">
                            <p style=""font-size:50px; font-weight:bold;""
                            >peace</p>
                            <div style=""width:240px; margin: auto;"">
                                <img src=""images/D48.png"" style= ""width:200px""alt=""img"">
                            </div>
                        </div>","22","html-slider-response","588","2479745","0.0-584.0","h655nft9bk","11","92208","","","0","","","","peace","images/D48.png"
"NaN","<div style=""width:500px;"">
                            <p style=""font-size:50px; font-weight:bold;""
                            >evil</p>
                            <div style=""width:240px; margin: auto;"">
                                <img src=""images/D22.png"" style= ""width:200px""alt=""img"">
                            </div>
                        </div>","-118","html-slider-response","589","2482016","0.0-585.0","h655nft9bk","11","92208","","","0","","","","evil","images/D22.png"
"NaN","<div style=""width:500px;"">
                            <p style=""font-size:50px; font-weight:bold;""
                            >justice</p>
                            <div style=""width:240px; margin: auto;"">
                                <img src=""images/D51.png"" style= ""width:200px""alt=""img"">
                            </div>
                        </div>","-176","html-slider-response","590","2483942","0.0-586.0","h655nft9bk","11","92208","","","0","","","","justice","images/D51.png"
"NaN","<div style=""width:500px;"">
                            <p style=""font-size:50px; font-weight:bold;""
                            >greed</p>
                            <div style=""width:240px; margin: auto;"">
                                <img src=""images/D96.png"" style= ""width:200px""alt=""img"">
                            </div>
                        </div>","117","html-slider-response","591","2486638","0.0-587.0","h655nft9bk","11","92208","","","0","","","","greed","images/D96.png"
"NaN","<div style=""width:500px;"">
                            <p style=""font-size:50px; font-weight:bold;""
                            >peace</p>
                            <div style=""width:240px; margin: auto;"">
                                <img src=""images/D14.png"" style= ""width:200px""alt=""img"">
                            </div>
                        </div>","41","html-slider-response","592","2488582","0.0-588.0","h655nft9bk","11","92208","","","0","","","","peace","images/D14.png"
"NaN","<div style=""width:500px;"">
                            <p style=""font-size:50px; font-weight:bold;""
                            >greed</p>
                            <div style=""width:240px; margin: auto;"">
                                <img src=""images/D46.png"" style= ""width:200px""alt=""img"">
                            </div>
                        </div>","91","html-slider-response","593","2490003","0.0-589.0","h655nft9bk","11","92208","","","0","","","","greed","images/D46.png"
"NaN","<div style=""width:500px;"">
                            <p style=""font-size:50px; font-weight:bold;""
                            >peace</p>
                            <div style=""width:240px; margin: auto;"">
                                <img src=""images/D46.png"" style= ""width:200px""alt=""img"">
                            </div>
                        </div>","91","html-slider-response","594","2491503","0.0-590.0","h655nft9bk","11","92208","","","0","","","","peace","images/D46.png"
"NaN","<div style=""width:500px;"">
                            <p style=""font-size:50px; font-weight:bold;""
                            >love</p>
                            <div style=""width:240px; margin: auto;"">
                                <img src=""images/D36.png"" style= ""width:200px""alt=""img"">
                            </div>
                        </div>","-114","html-slider-response","595","2493186","0.0-591.0","h655nft9bk","11","92208","","","0","","","","love","images/D36.png"
"NaN","<div style=""width:500px;"">
                            <p style=""font-size:50px; font-weight:bold;""
                            >evil</p>
                            <div style=""width:240px; margin: auto;"">
                                <img src=""images/D66.png"" style= ""width:200px""alt=""img"">
                            </div>
                        </div>","170","html-slider-response","596","2495573","0.0-592.0","h655nft9bk","11","92208","","","0","","","","evil","images/D66.png"
"NaN","<div style=""width:500px;"">
                            <p style=""font-size:50px; font-weight:bold;""
                            >evil</p>
                            <div style=""width:240px; margin: auto;"">
                                <img src=""images/D101.png"" style= ""width:200px""alt=""img"">
                            </div>
                        </div>","-131","html-slider-response","597","2497796","0.0-593.0","h655nft9bk","11","92208","","","0","","","","evil","images/D101.png"
"NaN","<div style=""width:500px;"">
                            <p style=""font-size:50px; font-weight:bold;""
                            >peace</p>
                            <div style=""width:240px; margin: auto;"">
                                <img src=""images/D83.png"" style= ""width:200px""alt=""img"">
                            </div>
                        </div>","144","html-slider-response","598","2501077","0.0-594.0","h655nft9bk","11","92208","","","0","","","","peace","images/D83.png"
"NaN","<div style=""width:500px;"">
                            <p style=""font-size:50px; font-weight:bold;""
                            >greed</p>
                            <div style=""width:240px; margin: auto;"">
                                <img src=""images/D84.png"" style= ""width:200px""alt=""img"">
                            </div>
                        </div>","148","html-slider-response","599","2508974","0.0-595.0","h655nft9bk","11","92208","","","0","","","","greed","images/D84.png"
"NaN","<div style=""width:500px;"">
                            <p style=""font-size:50px; font-weight:bold;""
                            >justice</p>
                            <div style=""width:240px; margin: auto;"">
                                <img src=""images/D111.png"" style= ""width:200px""alt=""img"">
                            </div>
                        </div>","-82","html-slider-response","600","2518897","0.0-596.0","h655nft9bk","11","92208","","","0","","","","justice","images/D111.png"
"NaN","<div style=""width:500px;"">
                            <p style=""font-size:50px; font-weight:bold;""
                            >evil</p>
                            <div style=""width:240px; margin: auto;"">
                                <img src=""images/D87.png"" style= ""width:200px""alt=""img"">
                            </div>
                        </div>","170","html-slider-response","601","2520797","0.0-597.0","h655nft9bk","11","92208","","","0","","","","evil","images/D87.png"
"NaN","<div style=""width:500px;"">
                            <p style=""font-size:50px; font-weight:bold;""
                            >peace</p>
                            <div style=""width:240px; margin: auto;"">
                                <img src=""images/D19.png"" style= ""width:200px""alt=""img"">
                            </div>
                        </div>","-96","html-slider-response","602","2522615","0.0-598.0","h655nft9bk","11","92208","","","0","","","","peace","images/D19.png"
"NaN","<div style=""width:500px;"">
                            <p style=""font-size:50px; font-weight:bold;""
                            >love</p>
                            <div style=""width:240px; margin: auto;"">
                                <img src=""images/D51.png"" style= ""width:200px""alt=""img"">
                            </div>
                        </div>","-144","html-slider-response","603","2524703","0.0-599.0","h655nft9bk","11","92208","","","0","","","","love","images/D51.png"
"NaN","<div style=""width:500px;"">
                            <p style=""font-size:50px; font-weight:bold;""
                            >justice</p>
                            <div style=""width:240px; margin: auto;"">
                                <img src=""images/D82.png"" style= ""width:200px""alt=""img"">
                            </div>
                        </div>","102","html-slider-response","604","2526454","0.0-600.0","h655nft9bk","11","92208","","","0","","","","justice","images/D82.png"
"NaN","<div style=""width:500px;"">
                            <p style=""font-size:50px; font-weight:bold;""
                            >justice</p>
                            <div style=""width:240px; margin: auto;"">
                                <img src=""images/D94.png"" style= ""width:200px""alt=""img"">
                            </div>
                        </div>","142","html-slider-response","605","2528594","0.0-601.0","h655nft9bk","11","92208","","","0","","","","justice","images/D94.png"
"NaN","<div style=""width:500px;"">
                            <p style=""font-size:50px; font-weight:bold;""
                            >evil</p>
                            <div style=""width:240px; margin: auto;"">
                                <img src=""images/D82.png"" style= ""width:200px""alt=""img"">
                            </div>
                        </div>","-73","html-slider-response","606","2531675","0.0-602.0","h655nft9bk","11","92208","","","0","","","","evil","images/D82.png"
"NaN","<div style=""width:500px;"">
                            <p style=""font-size:50px; font-weight:bold;""
                            >peace</p>
                            <div style=""width:240px; margin: auto;"">
                                <img src=""images/D56.png"" style= ""width:200px""alt=""img"">
                            </div>
                        </div>","146","html-slider-response","607","2533500","0.0-603.0","h655nft9bk","11","92208","","","0","","","","peace","images/D56.png"
"NaN","<div style=""width:500px;"">
                            <p style=""font-size:50px; font-weight:bold;""
                            >peace</p>
                            <div style=""width:240px; margin: auto;"">
                                <img src=""images/D18.png"" style= ""width:200px""alt=""img"">
                            </div>
                        </div>","-88","html-slider-response","608","2535558","0.0-604.0","h655nft9bk","11","92208","","","0","","","","peace","images/D18.png"
"NaN","<div style=""width:500px;"">
                            <p style=""font-size:50px; font-weight:bold;""
                            >peace</p>
                            <div style=""width:240px; margin: auto;"">
                                <img src=""images/D1.png"" style= ""width:200px""alt=""img"">
                            </div>
                        </div>","74","html-slider-response","609","2542606","0.0-605.0","h655nft9bk","11","92208","","","0","","","","peace","images/D1.png"
"NaN","<div style=""width:500px;"">
                            <p style=""font-size:50px; font-weight:bold;""
                            >peace</p>
                            <div style=""width:240px; margin: auto;"">
                                <img src=""images/D53.png"" style= ""width:200px""alt=""img"">
                            </div>
                        </div>","67","html-slider-response","610","2559367","0.0-606.0","h655nft9bk","11","92208","","","0","","","","peace","images/D53.png"
"NaN","<div style=""width:500px;"">
                            <p style=""font-size:50px; font-weight:bold;""
                            >greed</p>
                            <div style=""width:240px; margin: auto;"">
                                <img src=""images/D34.png"" style= ""width:200px""alt=""img"">
                            </div>
                        </div>","86","html-slider-response","611","2563495","0.0-607.0","h655nft9bk","11","92208","","","0","","","","greed","images/D34.png"
"NaN","<div style=""width:500px;"">
                            <p style=""font-size:50px; font-weight:bold;""
                            >peace</p>
                            <div style=""width:240px; margin: auto;"">
                                <img src=""images/D57.png"" style= ""width:200px""alt=""img"">
                            </div>
                        </div>","61","html-slider-response","612","2566043","0.0-608.0","h655nft9bk","11","92208","","","0","","","","peace","images/D57.png"
"NaN","<div style=""width:500px;"">
                            <p style=""font-size:50px; font-weight:bold;""
                            >justice</p>
                            <div style=""width:240px; margin: auto;"">
                                <img src=""images/D85.png"" style= ""width:200px""alt=""img"">
                            </div>
                        </div>","-66","html-slider-response","613","2568139","0.0-609.0","h655nft9bk","11","92208","","","0","","","","justice","images/D85.png"
"NaN","<div style=""width:500px;"">
                            <p style=""font-size:50px; font-weight:bold;""
                            >peace</p>
                            <div style=""width:240px; margin: auto;"">
                                <img src=""images/D55.png"" style= ""width:200px""alt=""img"">
                            </div>
                        </div>","-68","html-slider-response","614","2571783","0.0-610.0","h655nft9bk","11","92208","","","0","","","","peace","images/D55.png"
"NaN","<div style=""width:500px;"">
                            <p style=""font-size:50px; font-weight:bold;""
                            >evil</p>
                            <div style=""width:240px; margin: auto;"">
                                <img src=""images/D55.png"" style= ""width:200px""alt=""img"">
                            </div>
                        </div>","-67","html-slider-response","615","2573654","0.0-611.0","h655nft9bk","11","92208","","","0","","","","evil","images/D55.png"
"NaN","<div style=""width:500px;"">
                            <p style=""font-size:50px; font-weight:bold;""
                            >greed</p>
                            <div style=""width:240px; margin: auto;"">
                                <img src=""images/D53.png"" style= ""width:200px""alt=""img"">
                            </div>
                        </div>","93","html-slider-response","616","2666755","0.0-612.0","h655nft9bk","11","92208","","","0","","","","greed","images/D53.png"
"NaN","<div style=""width:500px;"">
                            <p style=""font-size:50px; font-weight:bold;""
                            >love</p>
                            <div style=""width:240px; margin: auto;"">
                                <img src=""images/D46.png"" style= ""width:200px""alt=""img"">
                            </div>
                        </div>","110","html-slider-response","617","2668504","0.0-613.0","h655nft9bk","11","92208","","","0","","","","love","images/D46.png"
"NaN","<div style=""width:500px;"">
                            <p style=""font-size:50px; font-weight:bold;""
                            >greed</p>
                            <div style=""width:240px; margin: auto;"">
                                <img src=""images/D4.png"" style= ""width:200px""alt=""img"">
                            </div>
                        </div>","-97","html-slider-response","618","2671732","0.0-614.0","h655nft9bk","11","92208","","","0","","","","greed","images/D4.png"
"NaN","<div style=""width:500px;"">
                            <p style=""font-size:50px; font-weight:bold;""
                            >greed</p>
                            <div style=""width:240px; margin: auto;"">
                                <img src=""images/D57.png"" style= ""width:200px""alt=""img"">
                            </div>
                        </div>","-87","html-slider-response","619","2673298","0.0-615.0","h655nft9bk","11","92208","","","0","","","","greed","images/D57.png"
"NaN","<div style=""width:500px;"">
                            <p style=""font-size:50px; font-weight:bold;""
                            >justice</p>
                            <div style=""width:240px; margin: auto;"">
                                <img src=""images/D105.png"" style= ""width:200px""alt=""img"">
                            </div>
                        </div>","-66","html-slider-response","620","2676235","0.0-616.0","h655nft9bk","11","92208","","","0","","","","justice","images/D105.png"
"NaN","<div style=""width:500px;"">
                            <p style=""font-size:50px; font-weight:bold;""
                            >evil</p>
                            <div style=""width:240px; margin: auto;"">
                                <img src=""images/D53.png"" style= ""width:200px""alt=""img"">
                            </div>
                        </div>","-85","html-slider-response","621","2678024","0.0-617.0","h655nft9bk","11","92208","","","0","","","","evil","images/D53.png"
"NaN","<div style=""width:500px;"">
                            <p style=""font-size:50px; font-weight:bold;""
                            >justice</p>
                            <div style=""width:240px; margin: auto;"">
                                <img src=""images/D65.png"" style= ""width:200px""alt=""img"">
                            </div>
                        </div>","56","html-slider-response","622","2680627","0.0-618.0","h655nft9bk","11","92208","","","0","","","","justice","images/D65.png"
"NaN","<div style=""width:500px;"">
                            <p style=""font-size:50px; font-weight:bold;""
                            >justice</p>
                            <div style=""width:240px; margin: auto;"">
                                <img src=""images/D17.png"" style= ""width:200px""alt=""img"">
                            </div>
                        </div>","78","html-slider-response","623","2684243","0.0-619.0","h655nft9bk","11","92208","","","0","","","","justice","images/D17.png"
"NaN","<div style=""width:500px;"">
                            <p style=""font-size:50px; font-weight:bold;""
                            >justice</p>
                            <div style=""width:240px; margin: auto;"">
                                <img src=""images/D81.png"" style= ""width:200px""alt=""img"">
                            </div>
                        </div>","-77","html-slider-response","624","2689431","0.0-620.0","h655nft9bk","11","92208","","","0","","","","justice","images/D81.png"
"NaN","<div style=""width:500px;"">
                            <p style=""font-size:50px; font-weight:bold;""
                            >evil</p>
                            <div style=""width:240px; margin: auto;"">
                                <img src=""images/D77.png"" style= ""width:200px""alt=""img"">
                            </div>
                        </div>","29","html-slider-response","625","2691506","0.0-621.0","h655nft9bk","11","92208","","","0","","","","evil","images/D77.png"
"NaN","<div style=""width:500px;"">
                            <p style=""font-size:50px; font-weight:bold;""
                            >justice</p>
                            <div style=""width:240px; margin: auto;"">
                                <img src=""images/D75.png"" style= ""width:200px""alt=""img"">
                            </div>
                        </div>","-67","html-slider-response","626","2696142","0.0-622.0","h655nft9bk","11","92208","","","0","","","","justice","images/D75.png"
"NaN","<div style=""width:500px;"">
                            <p style=""font-size:50px; font-weight:bold;""
                            >evil</p>
                            <div style=""width:240px; margin: auto;"">
                                <img src=""images/D92.png"" style= ""width:200px""alt=""img"">
                            </div>
                        </div>","72","html-slider-response","627","2698837","0.0-623.0","h655nft9bk","11","92208","","","0","","","","evil","images/D92.png"
"NaN","<div style=""width:500px;"">
                            <p style=""font-size:50px; font-weight:bold;""
                            >evil</p>
                            <div style=""width:240px; margin: auto;"">
                                <img src=""images/D111.png"" style= ""width:200px""alt=""img"">
                            </div>
                        </div>","125","html-slider-response","628","2700681","0.0-624.0","h655nft9bk","11","92208","","","0","","","","evil","images/D111.png"
"NaN","<div style=""width:500px;"">
                            <p style=""font-size:50px; font-weight:bold;""
                            >greed</p>
                            <div style=""width:240px; margin: auto;"">
                                <img src=""images/D49.png"" style= ""width:200px""alt=""img"">
                            </div>
                        </div>","82","html-slider-response","629","2702526","0.0-625.0","h655nft9bk","11","92208","","","0","","","","greed","images/D49.png"
"NaN","<div style=""width:500px;"">
                            <p style=""font-size:50px; font-weight:bold;""
                            >love</p>
                            <div style=""width:240px; margin: auto;"">
                                <img src=""images/D17.png"" style= ""width:200px""alt=""img"">
                            </div>
                        </div>","32","html-slider-response","630","2704858","0.0-626.0","h655nft9bk","11","92208","","","0","","","","love","images/D17.png"
"NaN","<div style=""width:500px;"">
                            <p style=""font-size:50px; font-weight:bold;""
                            >evil</p>
                            <div style=""width:240px; margin: auto;"">
                                <img src=""images/D75.png"" style= ""width:200px""alt=""img"">
                            </div>
                        </div>","-150","html-slider-response","631","2707734","0.0-627.0","h655nft9bk","11","92208","","","0","","","","evil","images/D75.png"
"NaN","<div style=""width:500px;"">
                            <p style=""font-size:50px; font-weight:bold;""
                            >love</p>
                            <div style=""width:240px; margin: auto;"">
                                <img src=""images/D94.png"" style= ""width:200px""alt=""img"">
                            </div>
                        </div>","76","html-slider-response","632","2709989","0.0-628.0","h655nft9bk","11","92208","","","0","","","","love","images/D94.png"
"NaN","<div style=""width:500px;"">
                            <p style=""font-size:50px; font-weight:bold;""
                            >love</p>
                            <div style=""width:240px; margin: auto;"">
                                <img src=""images/D20.png"" style= ""width:200px""alt=""img"">
                            </div>
                        </div>","166","html-slider-response","633","2711786","0.0-629.0","h655nft9bk","11","92208","","","0","","","","love","images/D20.png"
"NaN","<div style=""width:500px;"">
                            <p style=""font-size:50px; font-weight:bold;""
                            >peace</p>
                            <div style=""width:240px; margin: auto;"">
                                <img src=""images/D64.png"" style= ""width:200px""alt=""img"">
                            </div>
                        </div>","118","html-slider-response","634","2713358","0.0-630.0","h655nft9bk","11","92208","","","0","","","","peace","images/D64.png"
"NaN","<div style=""width:500px;"">
                            <p style=""font-size:50px; font-weight:bold;""
                            >greed</p>
                            <div style=""width:240px; margin: auto;"">
                                <img src=""images/D77.png"" style= ""width:200px""alt=""img"">
                            </div>
                        </div>","75","html-slider-response","635","2715152","0.0-631.0","h655nft9bk","11","92208","","","0","","","","greed","images/D77.png"
"NaN","<div style=""width:500px;"">
                            <p style=""font-size:50px; font-weight:bold;""
                            >peace</p>
                            <div style=""width:240px; margin: auto;"">
                                <img src=""images/D102.png"" style= ""width:200px""alt=""img"">
                            </div>
                        </div>","124","html-slider-response","636","2716643","0.0-632.0","h655nft9bk","11","92208","","","0","","","","peace","images/D102.png"
"NaN","<div style=""width:500px;"">
                            <p style=""font-size:50px; font-weight:bold;""
                            >love</p>
                            <div style=""width:240px; margin: auto;"">
                                <img src=""images/D18.png"" style= ""width:200px""alt=""img"">
                            </div>
                        </div>","-96","html-slider-response","637","2718561","0.0-633.0","h655nft9bk","11","92208","","","0","","","","love","images/D18.png"
"NaN","<div style=""width:500px;"">
                            <p style=""font-size:50px; font-weight:bold;""
                            >greed</p>
                            <div style=""width:240px; margin: auto;"">
                                <img src=""images/D8.png"" style= ""width:200px""alt=""img"">
                            </div>
                        </div>","168","html-slider-response","638","2721699","0.0-634.0","h655nft9bk","11","92208","","","0","","","","greed","images/D8.png"
"NaN","<div style=""width:500px;"">
                            <p style=""font-size:50px; font-weight:bold;""
                            >greed</p>
                            <div style=""width:240px; margin: auto;"">
                                <img src=""images/D1.png"" style= ""width:200px""alt=""img"">
                            </div>
                        </div>","179","html-slider-response","639","2723901","0.0-635.0","h655nft9bk","11","92208","","","0","","","","greed","images/D1.png"
"NaN","<div style=""width:500px;"">
                            <p style=""font-size:50px; font-weight:bold;""
                            >love</p>
                            <div style=""width:240px; margin: auto;"">
                                <img src=""images/D101.png"" style= ""width:200px""alt=""img"">
                            </div>
                        </div>","86","html-slider-response","640","2726657","0.0-636.0","h655nft9bk","11","92208","","","0","","","","love","images/D101.png"
"NaN","<div style=""width:500px;"">
                            <p style=""font-size:50px; font-weight:bold;""
                            >evil</p>
                            <div style=""width:240px; margin: auto;"">
                                <img src=""images/D4.png"" style= ""width:200px""alt=""img"">
                            </div>
                        </div>","26","html-slider-response","641","2729113","0.0-637.0","h655nft9bk","11","92208","","","0","","","","evil","images/D4.png"
"NaN","<div style=""width:500px;"">
                            <p style=""font-size:50px; font-weight:bold;""
                            >evil</p>
                            <div style=""width:240px; margin: auto;"">
                                <img src=""images/D79.png"" style= ""width:200px""alt=""img"">
                            </div>
                        </div>","63","html-slider-response","642","2731478","0.0-638.0","h655nft9bk","11","92208","","","0","","","","evil","images/D79.png"
"NaN","<div style=""width:500px;"">
                            <p style=""font-size:50px; font-weight:bold;""
                            >love</p>
                            <div style=""width:240px; margin: auto;"">
                                <img src=""images/D37.png"" style= ""width:200px""alt=""img"">
                            </div>
                        </div>","192","html-slider-response","643","2733618","0.0-639.0","h655nft9bk","11","92208","","","0","","","","love","images/D37.png"
"NaN","<div style=""width:500px;"">
                            <p style=""font-size:50px; font-weight:bold;""
                            >evil</p>
                            <div style=""width:240px; margin: auto;"">
                                <img src=""images/D11.png"" style= ""width:200px""alt=""img"">
                            </div>
                        </div>","67","html-slider-response","644","2738288","0.0-640.0","h655nft9bk","11","92208","","","0","","","","evil","images/D11.png"
"NaN","<div style=""width:500px;"">
                            <p style=""font-size:50px; font-weight:bold;""
                            >evil</p>
                            <div style=""width:240px; margin: auto;"">
                                <img src=""images/D76.png"" style= ""width:200px""alt=""img"">
                            </div>
                        </div>","187","html-slider-response","645","2740184","0.0-641.0","h655nft9bk","11","92208","","","0","","","","evil","images/D76.png"
"NaN","<div style=""width:500px;"">
                            <p style=""font-size:50px; font-weight:bold;""
                            >peace</p>
                            <div style=""width:240px; margin: auto;"">
                                <img src=""images/D101.png"" style= ""width:200px""alt=""img"">
                            </div>
                        </div>","115","html-slider-response","646","2742291","0.0-642.0","h655nft9bk","11","92208","","","0","","","","peace","images/D101.png"
"NaN","<div style=""width:500px;"">
                            <p style=""font-size:50px; font-weight:bold;""
                            >evil</p>
                            <div style=""width:240px; margin: auto;"">
                                <img src=""images/D84.png"" style= ""width:200px""alt=""img"">
                            </div>
                        </div>","133","html-slider-response","647","2748509","0.0-643.0","h655nft9bk","11","92208","","","0","","","","evil","images/D84.png"
"NaN","<div style=""width:500px;"">
                            <p style=""font-size:50px; font-weight:bold;""
                            >justice</p>
                            <div style=""width:240px; margin: auto;"">
                                <img src=""images/D34.png"" style= ""width:200px""alt=""img"">
                            </div>
                        </div>","105","html-slider-response","648","2750712","0.0-644.0","h655nft9bk","11","92208","","","0","","","","justice","images/D34.png"
"NaN","<div style=""width:500px;"">
                            <p style=""font-size:50px; font-weight:bold;""
                            >love</p>
                            <div style=""width:240px; margin: auto;"">
                                <img src=""images/D77.png"" style= ""width:200px""alt=""img"">
                            </div>
                        </div>","133","html-slider-response","649","2752475","0.0-645.0","h655nft9bk","11","92208","","","0","","","","love","images/D77.png"
"NaN","<div style=""width:500px;"">
                            <p style=""font-size:50px; font-weight:bold;""
                            >peace</p>
                            <div style=""width:240px; margin: auto;"">
                                <img src=""images/D16.png"" style= ""width:200px""alt=""img"">
                            </div>
                        </div>","88","html-slider-response","650","2754445","0.0-646.0","h655nft9bk","11","92208","","","0","","","","peace","images/D16.png"
"NaN","<div style=""width:500px;"">
                            <p style=""font-size:50px; font-weight:bold;""
                            >justice</p>
                            <div style=""width:240px; margin: auto;"">
                                <img src=""images/D47.png"" style= ""width:200px""alt=""img"">
                            </div>
                        </div>","130","html-slider-response","651","2756203","0.0-647.0","h655nft9bk","11","92208","","","0","","","","justice","images/D47.png"
"NaN","<div style=""width:500px;"">
                            <p style=""font-size:50px; font-weight:bold;""
                            >greed</p>
                            <div style=""width:240px; margin: auto;"">
                                <img src=""images/D95.png"" style= ""width:200px""alt=""img"">
                            </div>
                        </div>","192","html-slider-response","652","2759077","0.0-648.0","h655nft9bk","11","92208","","","0","","","","greed","images/D95.png"
"NaN","<div style=""width:500px;"">
                            <p style=""font-size:50px; font-weight:bold;""
                            >love</p>
                            <div style=""width:240px; margin: auto;"">
                                <img src=""images/D49.png"" style= ""width:200px""alt=""img"">
                            </div>
                        </div>","131","html-slider-response","653","2764334","0.0-649.0","h655nft9bk","11","92208","","","0","","","","love","images/D49.png"
"NaN","<div style=""width:500px;"">
                            <p style=""font-size:50px; font-weight:bold;""
                            >greed</p>
                            <div style=""width:240px; margin: auto;"">
                                <img src=""images/D82.png"" style= ""width:200px""alt=""img"">
                            </div>
                        </div>","192","html-slider-response","654","2767182","0.0-650.0","h655nft9bk","11","92208","","","0","","","","greed","images/D82.png"
"NaN","<div style=""width:500px;"">
                            <p style=""font-size:50px; font-weight:bold;""
                            >love</p>
                            <div style=""width:240px; margin: auto;"">
                                <img src=""images/D103.png"" style= ""width:200px""alt=""img"">
                            </div>
                        </div>","-160","html-slider-response","655","2769549","0.0-651.0","h655nft9bk","11","92208","","","0","","","","love","images/D103.png"
"NaN","<div style=""width:500px;"">
                            <p style=""font-size:50px; font-weight:bold;""
                            >evil</p>
                            <div style=""width:240px; margin: auto;"">
                                <img src=""images/D47.png"" style= ""width:200px""alt=""img"">
                            </div>
                        </div>","-69","html-slider-response","656","2772136","0.0-652.0","h655nft9bk","11","92208","","","0","","","","evil","images/D47.png"
"NaN","<div style=""width:500px;"">
                            <p style=""font-size:50px; font-weight:bold;""
                            >love</p>
                            <div style=""width:240px; margin: auto;"">
                                <img src=""images/D92.png"" style= ""width:200px""alt=""img"">
                            </div>
                        </div>","73","html-slider-response","657","2775065","0.0-653.0","h655nft9bk","11","92208","","","0","","","","love","images/D92.png"
"NaN","<div style=""width:500px;"">
                            <p style=""font-size:50px; font-weight:bold;""
                            >justice</p>
                            <div style=""width:240px; margin: auto;"">
                                <img src=""images/D104.png"" style= ""width:200px""alt=""img"">
                            </div>
                        </div>","-142","html-slider-response","658","2777903","0.0-654.0","h655nft9bk","11","92208","","","0","","","","justice","images/D104.png"
"NaN","<div style=""width:500px;"">
                            <p style=""font-size:50px; font-weight:bold;""
                            >justice</p>
                            <div style=""width:240px; margin: auto;"">
                                <img src=""images/D77.png"" style= ""width:200px""alt=""img"">
                            </div>
                        </div>","54","html-slider-response","659","2779929","0.0-655.0","h655nft9bk","11","92208","","","0","","","","justice","images/D77.png"
"NaN","<div style=""width:500px;"">
                            <p style=""font-size:50px; font-weight:bold;""
                            >greed</p>
                            <div style=""width:240px; margin: auto;"">
                                <img src=""images/D55.png"" style= ""width:200px""alt=""img"">
                            </div>
                        </div>","134","html-slider-response","660","2785693","0.0-656.0","h655nft9bk","11","92208","","","0","","","","greed","images/D55.png"
"NaN","<div style=""width:500px;"">
                            <p style=""font-size:50px; font-weight:bold;""
                            >peace</p>
                            <div style=""width:240px; margin: auto;"">
                                <img src=""images/D49.png"" style= ""width:200px""alt=""img"">
                            </div>
                        </div>","80","html-slider-response","661","2787730","0.0-657.0","h655nft9bk","11","92208","","","0","","","","peace","images/D49.png"
"NaN","<div style=""width:500px;"">
                            <p style=""font-size:50px; font-weight:bold;""
                            >love</p>
                            <div style=""width:240px; margin: auto;"">
                                <img src=""images/D83.png"" style= ""width:200px""alt=""img"">
                            </div>
                        </div>","120","html-slider-response","662","2789862","0.0-658.0","h655nft9bk","11","92208","","","0","","","","love","images/D83.png"
"NaN","<div style=""width:500px;"">
                            <p style=""font-size:50px; font-weight:bold;""
                            >greed</p>
                            <div style=""width:240px; margin: auto;"">
                                <img src=""images/D11.png"" style= ""width:200px""alt=""img"">
                            </div>
                        </div>","82","html-slider-response","663","2792076","0.0-659.0","h655nft9bk","11","92208","","","0","","","","greed","images/D11.png"
"NaN","<div style=""width:500px;"">
                            <p style=""font-size:50px; font-weight:bold;""
                            >evil</p>
                            <div style=""width:240px; margin: auto;"">
                                <img src=""images/D18.png"" style= ""width:200px""alt=""img"">
                            </div>
                        </div>","170","html-slider-response","664","2795860","0.0-660.0","h655nft9bk","11","92208","","","0","","","","evil","images/D18.png"
"NaN","<div style=""width:500px;"">
                            <p style=""font-size:50px; font-weight:bold;""
                            >love</p>
                            <div style=""width:240px; margin: auto;"">
                                <img src=""images/D68.png"" style= ""width:200px""alt=""img"">
                            </div>
                        </div>","-98","html-slider-response","665","2800017","0.0-661.0","h655nft9bk","11","92208","","","0","","","","love","images/D68.png"
"NaN","<div style=""width:500px;"">
                            <p style=""font-size:50px; font-weight:bold;""
                            >evil</p>
                            <div style=""width:240px; margin: auto;"">
                                <img src=""images/D14.png"" style= ""width:200px""alt=""img"">
                            </div>
                        </div>","35","html-slider-response","666","2827145","0.0-662.0","h655nft9bk","11","92208","","","0","","","","evil","images/D14.png"
"NaN","<div style=""width:500px;"">
                            <p style=""font-size:50px; font-weight:bold;""
                            >peace</p>
                            <div style=""width:240px; margin: auto;"">
                                <img src=""images/D94.png"" style= ""width:200px""alt=""img"">
                            </div>
                        </div>","-114","html-slider-response","667","2829116","0.0-663.0","h655nft9bk","11","92208","","","0","","","","peace","images/D94.png"
"NaN","<div style=""width:500px;"">
                            <p style=""font-size:50px; font-weight:bold;""
                            >evil</p>
                            <div style=""width:240px; margin: auto;"">
                                <img src=""images/D96.png"" style= ""width:200px""alt=""img"">
                            </div>
                        </div>","199","html-slider-response","668","2832976","0.0-664.0","h655nft9bk","11","92208","","","0","","","","evil","images/D96.png"
"NaN","<div style=""width:500px;"">
                            <p style=""font-size:50px; font-weight:bold;""
                            >peace</p>
                            <div style=""width:240px; margin: auto;"">
                                <img src=""images/D87.png"" style= ""width:200px""alt=""img"">
                            </div>
                        </div>","-101","html-slider-response","669","2835073","0.0-665.0","h655nft9bk","11","92208","","","0","","","","peace","images/D87.png"
"NaN","<div style=""width:500px;"">
                            <p style=""font-size:50px; font-weight:bold;""
                            >love</p>
                            <div style=""width:240px; margin: auto;"">
                                <img src=""images/D75.png"" style= ""width:200px""alt=""img"">
                            </div>
                        </div>","170","html-slider-response","670","2837402","0.0-666.0","h655nft9bk","11","92208","","","0","","","","love","images/D75.png"
"NaN","<div style=""width:500px;"">
                            <p style=""font-size:50px; font-weight:bold;""
                            >justice</p>
                            <div style=""width:240px; margin: auto;"">
                                <img src=""images/D57.png"" style= ""width:200px""alt=""img"">
                            </div>
                        </div>","98","html-slider-response","671","2839230","0.0-667.0","h655nft9bk","11","92208","","","0","","","","justice","images/D57.png"
"NaN","<div style=""width:500px;"">
                            <p style=""font-size:50px; font-weight:bold;""
                            >love</p>
                            <div style=""width:240px; margin: auto;"">
                                <img src=""images/D78.png"" style= ""width:200px""alt=""img"">
                            </div>
                        </div>","-64","html-slider-response","672","2843743","0.0-668.0","h655nft9bk","11","92208","","","0","","","","love","images/D78.png"
"NaN","<div style=""width:500px;"">
                            <p style=""font-size:50px; font-weight:bold;""
                            >evil</p>
                            <div style=""width:240px; margin: auto;"">
                                <img src=""images/D95.png"" style= ""width:200px""alt=""img"">
                            </div>
                        </div>","163","html-slider-response","673","2846203","0.0-669.0","h655nft9bk","11","92208","","","0","","","","evil","images/D95.png"
"NaN","<div style=""width:500px;"">
                            <p style=""font-size:50px; font-weight:bold;""
                            >evil</p>
                            <div style=""width:240px; margin: auto;"">
                                <img src=""images/D102.png"" style= ""width:200px""alt=""img"">
                            </div>
                        </div>","-74","html-slider-response","674","2848324","0.0-670.0","h655nft9bk","11","92208","","","0","","","","evil","images/D102.png"
"NaN","<div style=""width:500px;"">
                            <p style=""font-size:50px; font-weight:bold;""
                            >justice</p>
                            <div style=""width:240px; margin: auto;"">
                                <img src=""images/D22.png"" style= ""width:200px""alt=""img"">
                            </div>
                        </div>","-113","html-slider-response","675","2850786","0.0-671.0","h655nft9bk","11","92208","","","0","","","","justice","images/D22.png"
"NaN","<div style=""width:500px;"">
                            <p style=""font-size:50px; font-weight:bold;""
                            >love</p>
                            <div style=""width:240px; margin: auto;"">
                                <img src=""images/D87.png"" style= ""width:200px""alt=""img"">
                            </div>
                        </div>","-173","html-slider-response","676","2852621","0.0-672.0","h655nft9bk","11","92208","","","0","","","","love","images/D87.png"
"NaN","<div style=""width:500px;"">
                            <p style=""font-size:50px; font-weight:bold;""
                            >greed</p>
                            <div style=""width:240px; margin: auto;"">
                                <img src=""images/D19.png"" style= ""width:200px""alt=""img"">
                            </div>
                        </div>","130","html-slider-response","677","2855563","0.0-673.0","h655nft9bk","11","92208","","","0","","","","greed","images/D19.png"
"NaN","<div style=""width:500px;"">
                            <p style=""font-size:50px; font-weight:bold;""
                            >love</p>
                            <div style=""width:240px; margin: auto;"">
                                <img src=""images/D56.png"" style= ""width:200px""alt=""img"">
                            </div>
                        </div>","104","html-slider-response","678","2860638","0.0-674.0","h655nft9bk","11","92208","","","0","","","","love","images/D56.png"
"NaN","<div style=""width:500px;"">
                            <p style=""font-size:50px; font-weight:bold;""
                            >greed</p>
                            <div style=""width:240px; margin: auto;"">
                                <img src=""images/D78.png"" style= ""width:200px""alt=""img"">
                            </div>
                        </div>","-80","html-slider-response","679","2863124","0.0-675.0","h655nft9bk","11","92208","","","0","","","","greed","images/D78.png"
"NaN","<div style=""width:500px;"">
                            <p style=""font-size:50px; font-weight:bold;""
                            >greed</p>
                            <div style=""width:240px; margin: auto;"">
                                <img src=""images/D87.png"" style= ""width:200px""alt=""img"">
                            </div>
                        </div>","64","html-slider-response","680","2865226","0.0-676.0","h655nft9bk","11","92208","","","0","","","","greed","images/D87.png"
"NaN","<div style=""width:500px;"">
                            <p style=""font-size:50px; font-weight:bold;""
                            >justice</p>
                            <div style=""width:240px; margin: auto;"">
                                <img src=""images/D103.png"" style= ""width:200px""alt=""img"">
                            </div>
                        </div>","-136","html-slider-response","681","2867148","0.0-677.0","h655nft9bk","11","92208","","","0","","","","justice","images/D103.png"
"NaN","<div style=""width:500px;"">
                            <p style=""font-size:50px; font-weight:bold;""
                            >peace</p>
                            <div style=""width:240px; margin: auto;"">
                                <img src=""images/D82.png"" style= ""width:200px""alt=""img"">
                            </div>
                        </div>","125","html-slider-response","682","2869072","0.0-678.0","h655nft9bk","11","92208","","","0","","","","peace","images/D82.png"
"NaN","<div style=""width:500px;"">
                            <p style=""font-size:50px; font-weight:bold;""
                            >evil</p>
                            <div style=""width:240px; margin: auto;"">
                                <img src=""images/D34.png"" style= ""width:200px""alt=""img"">
                            </div>
                        </div>","-46","html-slider-response","683","2871322","0.0-679.0","h655nft9bk","11","92208","","","0","","","","evil","images/D34.png"
"NaN","<div style=""width:500px;"">
                            <p style=""font-size:50px; font-weight:bold;""
                            >justice</p>
                            <div style=""width:240px; margin: auto;"">
                                <img src=""images/D26.png"" style= ""width:200px""alt=""img"">
                            </div>
                        </div>","168","html-slider-response","684","2873747","0.0-680.0","h655nft9bk","11","92208","","","0","","","","justice","images/D26.png"
"NaN","<div style=""width:500px;"">
                            <p style=""font-size:50px; font-weight:bold;""
                            >greed</p>
                            <div style=""width:240px; margin: auto;"">
                                <img src=""images/D64.png"" style= ""width:200px""alt=""img"">
                            </div>
                        </div>","196","html-slider-response","685","2876213","0.0-681.0","h655nft9bk","11","92208","","","0","","","","greed","images/D64.png"
"NaN","<div style=""width:500px;"">
                            <p style=""font-size:50px; font-weight:bold;""
                            >greed</p>
                            <div style=""width:240px; margin: auto;"">
                                <img src=""images/D26.png"" style= ""width:200px""alt=""img"">
                            </div>
                        </div>","157","html-slider-response","686","2878312","0.0-682.0","h655nft9bk","11","92208","","","0","","","","greed","images/D26.png"
"NaN","<div style=""width:500px;"">
                            <p style=""font-size:50px; font-weight:bold;""
                            >love</p>
                            <div style=""width:240px; margin: auto;"">
                                <img src=""images/D47.png"" style= ""width:200px""alt=""img"">
                            </div>
                        </div>","114","html-slider-response","687","2880529","0.0-683.0","h655nft9bk","11","92208","","","0","","","","love","images/D47.png"
"NaN","<div style=""width:500px;"">
                            <p style=""font-size:50px; font-weight:bold;""
                            >greed</p>
                            <div style=""width:240px; margin: auto;"">
                                <img src=""images/D74.png"" style= ""width:200px""alt=""img"">
                            </div>
                        </div>","186","html-slider-response","688","2883566","0.0-684.0","h655nft9bk","11","92208","","","0","","","","greed","images/D74.png"
"NaN","<div style=""width:500px;"">
                            <p style=""font-size:50px; font-weight:bold;""
                            >peace</p>
                            <div style=""width:240px; margin: auto;"">
                                <img src=""images/D85.png"" style= ""width:200px""alt=""img"">
                            </div>
                        </div>","-58","html-slider-response","689","2890668","0.0-685.0","h655nft9bk","11","92208","","","0","","","","peace","images/D85.png"
"NaN","<div style=""width:500px;"">
                            <p style=""font-size:50px; font-weight:bold;""
                            >evil</p>
                            <div style=""width:240px; margin: auto;"">
                                <img src=""images/D74.png"" style= ""width:200px""alt=""img"">
                            </div>
                        </div>","-34","html-slider-response","690","2895367","0.0-686.0","h655nft9bk","11","92208","","","0","","","","evil","images/D74.png"
"NaN","<div style=""width:500px;"">
                            <p style=""font-size:50px; font-weight:bold;""
                            >greed</p>
                            <div style=""width:240px; margin: auto;"">
                                <img src=""images/D37.png"" style= ""width:200px""alt=""img"">
                            </div>
                        </div>","170","html-slider-response","691","2898006","0.0-687.0","h655nft9bk","11","92208","","","0","","","","greed","images/D37.png"
"NaN","<div style=""width:500px;"">
                            <p style=""font-size:50px; font-weight:bold;""
                            >peace</p>
                            <div style=""width:240px; margin: auto;"">
                                <img src=""images/D92.png"" style= ""width:200px""alt=""img"">
                            </div>
                        </div>","46","html-slider-response","692","2900074","0.0-688.0","h655nft9bk","11","92208","","","0","","","","peace","images/D92.png"
"NaN","<div style=""width:500px;"">
                            <p style=""font-size:50px; font-weight:bold;""
                            >justice</p>
                            <div style=""width:240px; margin: auto;"">
                                <img src=""images/D55.png"" style= ""width:200px""alt=""img"">
                            </div>
                        </div>","42","html-slider-response","693","2903123","0.0-689.0","h655nft9bk","11","92208","","","0","","","","justice","images/D55.png"
"NaN","<div style=""width:500px;"">
                            <p style=""font-size:50px; font-weight:bold;""
                            >peace</p>
                            <div style=""width:240px; margin: auto;"">
                                <img src=""images/D26.png"" style= ""width:200px""alt=""img"">
                            </div>
                        </div>","175","html-slider-response","694","2905180","0.0-690.0","h655nft9bk","11","92208","","","0","","","","peace","images/D26.png"
"NaN","<div style=""width:500px;"">
                            <p style=""font-size:50px; font-weight:bold;""
                            >peace</p>
                            <div style=""width:240px; margin: auto;"">
                                <img src=""images/D111.png"" style= ""width:200px""alt=""img"">
                            </div>
                        </div>","-68","html-slider-response","695","2907482","0.0-691.0","h655nft9bk","11","92208","","","0","","","","peace","images/D111.png"
"NaN","<div style=""width:500px;"">
                            <p style=""font-size:50px; font-weight:bold;""
                            >love</p>
                            <div style=""width:240px; margin: auto;"">
                                <img src=""images/D55.png"" style= ""width:200px""alt=""img"">
                            </div>
                        </div>","50","html-slider-response","696","2911675","0.0-692.0","h655nft9bk","11","92208","","","0","","","","love","images/D55.png"
"NaN","<div style=""width:500px;"">
                            <p style=""font-size:50px; font-weight:bold;""
                            >greed</p>
                            <div style=""width:240px; margin: auto;"">
                                <img src=""images/D102.png"" style= ""width:200px""alt=""img"">
                            </div>
                        </div>","164","html-slider-response","697","2914099","0.0-693.0","h655nft9bk","11","92208","","","0","","","","greed","images/D102.png"
"NaN","<div style=""width:500px;"">
                            <p style=""font-size:50px; font-weight:bold;""
                            >evil</p>
                            <div style=""width:240px; margin: auto;"">
                                <img src=""images/D8.png"" style= ""width:200px""alt=""img"">
                            </div>
                        </div>","57","html-slider-response","698","2916267","0.0-694.0","h655nft9bk","11","92208","","","0","","","","evil","images/D8.png"
"NaN","<div style=""width:500px;"">
                            <p style=""font-size:50px; font-weight:bold;""
                            >evil</p>
                            <div style=""width:240px; margin: auto;"">
                                <img src=""images/D85.png"" style= ""width:200px""alt=""img"">
                            </div>
                        </div>","47","html-slider-response","699","2918195","0.0-695.0","h655nft9bk","11","92208","","","0","","","","evil","images/D85.png"
"NaN","<div style=""width:500px;"">
                            <p style=""font-size:50px; font-weight:bold;""
                            >love</p>
                            <div style=""width:240px; margin: auto;"">
                                <img src=""images/D26.png"" style= ""width:200px""alt=""img"">
                            </div>
                        </div>","173","html-slider-response","700","2920439","0.0-696.0","h655nft9bk","11","92208","","","0","","","","love","images/D26.png"
"NaN","<div style=""width:500px;"">
                            <p style=""font-size:50px; font-weight:bold;""
                            >peace</p>
                            <div style=""width:240px; margin: auto;"">
                                <img src=""images/D22.png"" style= ""width:200px""alt=""img"">
                            </div>
                        </div>","-70","html-slider-response","701","2922331","0.0-697.0","h655nft9bk","11","92208","","","0","","","","peace","images/D22.png"
"NaN","<div style=""width:500px;"">
                            <p style=""font-size:50px; font-weight:bold;""
                            >love</p>
                            <div style=""width:240px; margin: auto;"">
                                <img src=""images/D1.png"" style= ""width:200px""alt=""img"">
                            </div>
                        </div>","96","html-slider-response","702","2934966","0.0-698.0","h655nft9bk","11","92208","","","0","","","","love","images/D1.png"
"NaN","<div style=""width:500px;"">
                            <p style=""font-size:50px; font-weight:bold;""
                            >evil</p>
                            <div style=""width:240px; margin: auto;"">
                                <img src=""images/D20.png"" style= ""width:200px""alt=""img"">
                            </div>
                        </div>","-42","html-slider-response","703","2940902","0.0-699.0","h655nft9bk","11","92208","","","0","","","","evil","images/D20.png"
"NaN","<div style=""width:500px;"">
                            <p style=""font-size:50px; font-weight:bold;""
                            >justice</p>
                            <div style=""width:240px; margin: auto;"">
                                <img src=""images/D79.png"" style= ""width:200px""alt=""img"">
                            </div>
                        </div>","-37","html-slider-response","704","2947933","0.0-700.0","h655nft9bk","11","92208","","","0","","","","justice","images/D79.png"
"NaN","<div style=""width:500px;"">
                            <p style=""font-size:50px; font-weight:bold;""
                            >peace</p>
                            <div style=""width:240px; margin: auto;"">
                                <img src=""images/D96.png"" style= ""width:200px""alt=""img"">
                            </div>
                        </div>","-164","html-slider-response","705","2950171","0.0-701.0","h655nft9bk","11","92208","","","0","","","","peace","images/D96.png"
"NaN","<div style=""width:500px;"">
                            <p style=""font-size:50px; font-weight:bold;""
                            >justice</p>
                            <div style=""width:240px; margin: auto;"">
                                <img src=""images/D87.png"" style= ""width:200px""alt=""img"">
                            </div>
                        </div>","-69","html-slider-response","706","2951809","0.0-702.0","h655nft9bk","11","92208","","","0","","","","justice","images/D87.png"
"NaN","<div style=""width:500px;"">
                            <p style=""font-size:50px; font-weight:bold;""
                            >peace</p>
                            <div style=""width:240px; margin: auto;"">
                                <img src=""images/D11.png"" style= ""width:200px""alt=""img"">
                            </div>
                        </div>","54","html-slider-response","707","2953864","0.0-703.0","h655nft9bk","11","92208","","","0","","","","peace","images/D11.png"
"NaN","<div style=""width:500px;"">
                            <p style=""font-size:50px; font-weight:bold;""
                            >peace</p>
                            <div style=""width:240px; margin: auto;"">
                                <img src=""images/D65.png"" style= ""width:200px""alt=""img"">
                            </div>
                        </div>","100","html-slider-response","708","2955545","0.0-704.0","h655nft9bk","11","92208","","","0","","","","peace","images/D65.png"
"NaN","<div style=""width:500px;"">
                            <p style=""font-size:50px; font-weight:bold;""
                            >love</p>
                            <div style=""width:240px; margin: auto;"">
                                <img src=""images/D76.png"" style= ""width:200px""alt=""img"">
                            </div>
                        </div>","-122","html-slider-response","709","2957423","0.0-705.0","h655nft9bk","11","92208","","","0","","","","love","images/D76.png"
"NaN","<div style=""width:500px;"">
                            <p style=""font-size:50px; font-weight:bold;""
                            >peace</p>
                            <div style=""width:240px; margin: auto;"">
                                <img src=""images/D75.png"" style= ""width:200px""alt=""img"">
                            </div>
                        </div>","160","html-slider-response","710","2959422","0.0-706.0","h655nft9bk","11","92208","","","0","","","","peace","images/D75.png"
"NaN","<div style=""width:500px;"">
                            <p style=""font-size:50px; font-weight:bold;""
                            >evil</p>
                            <div style=""width:240px; margin: auto;"">
                                <img src=""images/D104.png"" style= ""width:200px""alt=""img"">
                            </div>
                        </div>","133","html-slider-response","711","2975903","0.0-707.0","h655nft9bk","11","92208","","","0","","","","evil","images/D104.png"
"NaN","<div style=""width:500px;"">
                            <p style=""font-size:50px; font-weight:bold;""
                            >peace</p>
                            <div style=""width:240px; margin: auto;"">
                                <img src=""images/D51.png"" style= ""width:200px""alt=""img"">
                            </div>
                        </div>","-134","html-slider-response","712","3007634","0.0-708.0","h655nft9bk","11","92208","","","0","","","","peace","images/D51.png"
"NaN","<div style=""width:500px;"">
                            <p style=""font-size:50px; font-weight:bold;""
                            >evil</p>
                            <div style=""width:240px; margin: auto;"">
                                <img src=""images/D52.png"" style= ""width:200px""alt=""img"">
                            </div>
                        </div>","-51","html-slider-response","713","3010437","0.0-709.0","h655nft9bk","11","92208","","","0","","","","evil","images/D52.png"
"NaN","<div style=""width:500px;"">
                            <p style=""font-size:50px; font-weight:bold;""
                            >peace</p>
                            <div style=""width:240px; margin: auto;"">
                                <img src=""images/D76.png"" style= ""width:200px""alt=""img"">
                            </div>
                        </div>","-119","html-slider-response","714","3014435","0.0-710.0","h655nft9bk","11","92208","","","0","","","","peace","images/D76.png"
"NaN","<div style=""width:500px;"">
                            <p style=""font-size:50px; font-weight:bold;""
                            >peace</p>
                            <div style=""width:240px; margin: auto;"">
                                <img src=""images/D95.png"" style= ""width:200px""alt=""img"">
                            </div>
                        </div>","-143","html-slider-response","715","3020669","0.0-711.0","h655nft9bk","11","92208","","","0","","","","peace","images/D95.png"
"NaN","<div style=""width:500px;"">
                            <p style=""font-size:50px; font-weight:bold;""
                            >justice</p>
                            <div style=""width:240px; margin: auto;"">
                                <img src=""images/D74.png"" style= ""width:200px""alt=""img"">
                            </div>
                        </div>","70","html-slider-response","716","3022985","0.0-712.0","h655nft9bk","11","92208","","","0","","","","justice","images/D74.png"
"NaN","<div style=""width:500px;"">
                            <p style=""font-size:50px; font-weight:bold;""
                            >justice</p>
                            <div style=""width:240px; margin: auto;"">
                                <img src=""images/D25.png"" style= ""width:200px""alt=""img"">
                            </div>
                        </div>","191","html-slider-response","717","3025521","0.0-713.0","h655nft9bk","11","92208","","","0","","","","justice","images/D25.png"
"NaN","<div style=""width:500px;"">
                            <p style=""font-size:50px; font-weight:bold;""
                            >justice</p>
                            <div style=""width:240px; margin: auto;"">
                                <img src=""images/D64.png"" style= ""width:200px""alt=""img"">
                            </div>
                        </div>","141","html-slider-response","718","3027498","0.0-714.0","h655nft9bk","11","92208","","","0","","","","justice","images/D64.png"
"NaN","<div style=""width:500px;"">
                            <p style=""font-size:50px; font-weight:bold;""
                            >evil</p>
                            <div style=""width:240px; margin: auto;"">
                                <img src=""images/D105.png"" style= ""width:200px""alt=""img"">
                            </div>
                        </div>","-43","html-slider-response","719","3030001","0.0-715.0","h655nft9bk","11","92208","","","0","","","","evil","images/D105.png"
"NaN","<div style=""width:500px;"">
                            <p style=""font-size:50px; font-weight:bold;""
                            >greed</p>
                            <div style=""width:240px; margin: auto;"">
                                <img src=""images/D47.png"" style= ""width:200px""alt=""img"">
                            </div>
                        </div>","154","html-slider-response","720","3032241","0.0-716.0","h655nft9bk","11","92208","","","0","","","","greed","images/D47.png"
"NaN","<div style=""width:500px;"">
                            <p style=""font-size:50px; font-weight:bold;""
                            >greed</p>
                            <div style=""width:240px; margin: auto;"">
                                <img src=""images/D18.png"" style= ""width:200px""alt=""img"">
                            </div>
                        </div>","-122","html-slider-response","721","3033996","0.0-717.0","h655nft9bk","11","92208","","","0","","","","greed","images/D18.png"
"NaN","<div style=""width:500px;"">
                            <p style=""font-size:50px; font-weight:bold;""
                            >evil</p>
                            <div style=""width:240px; margin: auto;"">
                                <img src=""images/D1.png"" style= ""width:200px""alt=""img"">
                            </div>
                        </div>","-36","html-slider-response","722","3037009","0.0-718.0","h655nft9bk","11","92208","","","0","","","","evil","images/D1.png"
"NaN","<div style=""width:500px;"">
                            <p style=""font-size:50px; font-weight:bold;""
                            >love</p>
                            <div style=""width:240px; margin: auto;"">
                                <img src=""images/D14.png"" style= ""width:200px""alt=""img"">
                            </div>
                        </div>","133","html-slider-response","723","3038759","0.0-719.0","h655nft9bk","11","92208","","","0","","","","love","images/D14.png"
"NaN","<div style=""width:500px;"">
                            <p style=""font-size:50px; font-weight:bold;""
                            >love</p>
                            <div style=""width:240px; margin: auto;"">
                                <img src=""images/D104.png"" style= ""width:200px""alt=""img"">
                            </div>
                        </div>","-160","html-slider-response","724","3040576","0.0-720.0","h655nft9bk","11","92208","","","0","","","","love","images/D104.png"
"NaN","<div style=""width:500px;"">
                            <p style=""font-size:50px; font-weight:bold;""
                            >evil</p>
                            <div style=""width:240px; margin: auto;"">
                                <img src=""images/D78.png"" style= ""width:200px""alt=""img"">
                            </div>
                        </div>","96","html-slider-response","725","3042896","0.0-721.0","h655nft9bk","11","92208","","","0","","","","evil","images/D78.png"
"NaN","<div style=""width:500px;"">
                            <p style=""font-size:50px; font-weight:bold;""
                            >justice</p>
                            <div style=""width:240px; margin: auto;"">
                                <img src=""images/D19.png"" style= ""width:200px""alt=""img"">
                            </div>
                        </div>","-138","html-slider-response","726","3044695","0.0-722.0","h655nft9bk","11","92208","","","0","","","","justice","images/D19.png"
"NaN","<div style=""width:500px;"">
                            <p style=""font-size:50px; font-weight:bold;""
                            >greed</p>
                            <div style=""width:240px; margin: auto;"">
                                <img src=""images/D68.png"" style= ""width:200px""alt=""img"">
                            </div>
                        </div>","97","html-slider-response","727","3047072","0.0-723.0","h655nft9bk","11","92208","","","0","","","","greed","images/D68.png"
"NaN","<div style=""width:500px;"">
                            <p style=""font-size:50px; font-weight:bold;""
                            >justice</p>
                            <div style=""width:240px; margin: auto;"">
                                <img src=""images/D78.png"" style= ""width:200px""alt=""img"">
                            </div>
                        </div>","-44","html-slider-response","728","3050704","0.0-724.0","h655nft9bk","11","92208","","","0","","","","justice","images/D78.png"
"NaN","<div style=""width:500px;"">
                            <p style=""font-size:50px; font-weight:bold;""
                            >greed</p>
                            <div style=""width:240px; margin: auto;"">
                                <img src=""images/D52.png"" style= ""width:200px""alt=""img"">
                            </div>
                        </div>","153","html-slider-response","729","3053961","0.0-725.0","h655nft9bk","11","92208","","","0","","","","greed","images/D52.png"
"NaN","<div style=""width:500px;"">
                            <p style=""font-size:50px; font-weight:bold;""
                            >love</p>
                            <div style=""width:240px; margin: auto;"">
                                <img src=""images/D8.png"" style= ""width:200px""alt=""img"">
                            </div>
                        </div>","-42","html-slider-response","730","3058363","0.0-726.0","h655nft9bk","11","92208","","","0","","","","love","images/D8.png"
"NaN","<div style=""width:500px;"">
                            <p style=""font-size:50px; font-weight:bold;""
                            >peace</p>
                            <div style=""width:240px; margin: auto;"">
                                <img src=""images/D52.png"" style= ""width:200px""alt=""img"">
                            </div>
                        </div>","118","html-slider-response","731","3060099","0.0-727.0","h655nft9bk","11","92208","","","0","","","","peace","images/D52.png"
"NaN","<div style=""width:500px;"">
                            <p style=""font-size:50px; font-weight:bold;""
                            >evil</p>
                            <div style=""width:240px; margin: auto;"">
                                <img src=""images/D51.png"" style= ""width:200px""alt=""img"">
                            </div>
                        </div>","-172","html-slider-response","732","3061834","0.0-728.0","h655nft9bk","11","92208","","","0","","","","evil","images/D51.png"
"NaN","<div style=""width:500px;"">
                            <p style=""font-size:50px; font-weight:bold;""
                            >greed</p>
                            <div style=""width:240px; margin: auto;"">
                                <img src=""images/D79.png"" style= ""width:200px""alt=""img"">
                            </div>
                        </div>","-63","html-slider-response","733","3067089","0.0-729.0","h655nft9bk","11","92208","","","0","","","","greed","images/D79.png"
"NaN","<div style=""width:500px;"">
                            <p style=""font-size:50px; font-weight:bold;""
                            >peace</p>
                            <div style=""width:240px; margin: auto;"">
                                <img src=""images/D35.png"" style= ""width:200px""alt=""img"">
                            </div>
                        </div>","-81","html-slider-response","734","3077497","0.0-730.0","h655nft9bk","11","92208","","","0","","","","peace","images/D35.png"
"NaN","<div style=""width:500px;"">
                            <p style=""font-size:50px; font-weight:bold;""
                            >greed</p>
                            <div style=""width:240px; margin: auto;"">
                                <img src=""images/D101.png"" style= ""width:200px""alt=""img"">
                            </div>
                        </div>","154","html-slider-response","735","3086705","0.0-731.0","h655nft9bk","11","92208","","","0","","","","greed","images/D101.png"
"NaN","<div style=""width:500px;"">
                            <p style=""font-size:50px; font-weight:bold;""
                            >justice</p>
                            <div style=""width:240px; margin: auto;"">
                                <img src=""images/D95.png"" style= ""width:200px""alt=""img"">
                            </div>
                        </div>","-163","html-slider-response","736","3089957","0.0-732.0","h655nft9bk","11","92208","","","0","","","","justice","images/D95.png"
"NaN","<div style=""width:500px;"">
                            <p style=""font-size:50px; font-weight:bold;""
                            >justice</p>
                            <div style=""width:240px; margin: auto;"">
                                <img src=""images/D37.png"" style= ""width:200px""alt=""img"">
                            </div>
                        </div>","163","html-slider-response","737","3092832","0.0-733.0","h655nft9bk","11","92208","","","0","","","","justice","images/D37.png"
"NaN","<div style=""width:500px;"">
                            <p style=""font-size:50px; font-weight:bold;""
                            >love</p>
                            <div style=""width:240px; margin: auto;"">
                                <img src=""images/D57.png"" style= ""width:200px""alt=""img"">
                            </div>
                        </div>","84","html-slider-response","738","3095148","0.0-734.0","h655nft9bk","11","92208","","","0","","","","love","images/D57.png"
"NaN","<div style=""width:500px;"">
                            <p style=""font-size:50px; font-weight:bold;""
                            >greed</p>
                            <div style=""width:240px; margin: auto;"">
                                <img src=""images/D104.png"" style= ""width:200px""alt=""img"">
                            </div>
                        </div>","88","html-slider-response","739","3098601","0.0-735.0","h655nft9bk","11","92208","","","0","","","","greed","images/D104.png"
"NaN","<div style=""width:500px;"">
                            <p style=""font-size:50px; font-weight:bold;""
                            >greed</p>
                            <div style=""width:240px; margin: auto;"">
                                <img src=""images/D85.png"" style= ""width:200px""alt=""img"">
                            </div>
                        </div>","77","html-slider-response","740","3103724","0.0-736.0","h655nft9bk","11","92208","","","0","","","","greed","images/D85.png"
"NaN","<div style=""width:500px;"">
                            <p style=""font-size:50px; font-weight:bold;""
                            >love</p>
                            <div style=""width:240px; margin: auto;"">
                                <img src=""images/D11.png"" style= ""width:200px""alt=""img"">
                            </div>
                        </div>","47","html-slider-response","741","3105698","0.0-737.0","h655nft9bk","11","92208","","","0","","","","love","images/D11.png"
"NaN","<div style=""width:500px;"">
                            <p style=""font-size:50px; font-weight:bold;""
                            >peace</p>
                            <div style=""width:240px; margin: auto;"">
                                <img src=""images/D34.png"" style= ""width:200px""alt=""img"">
                            </div>
                        </div>","-39","html-slider-response","742","3108517","0.0-738.0","h655nft9bk","11","92208","","","0","","","","peace","images/D34.png"
"NaN","<div style=""width:500px;"">
                            <p style=""font-size:50px; font-weight:bold;""
                            >greed</p>
                            <div style=""width:240px; margin: auto;"">
                                <img src=""images/D51.png"" style= ""width:200px""alt=""img"">
                            </div>
                        </div>","95","html-slider-response","743","3110769","0.0-739.0","h655nft9bk","11","92208","","","0","","","","greed","images/D51.png"
"NaN","<div style=""width:500px;"">
                            <p style=""font-size:50px; font-weight:bold;""
                            >love</p>
                            <div style=""width:240px; margin: auto;"">
                                <img src=""images/D48.png"" style= ""width:200px""alt=""img"">
                            </div>
                        </div>","85","html-slider-response","744","3112506","0.0-740.0","h655nft9bk","11","92208","","","0","","","","love","images/D48.png"
"NaN","<div style=""width:500px;"">
                            <p style=""font-size:50px; font-weight:bold;""
                            >justice</p>
                            <div style=""width:240px; margin: auto;"">
                                <img src=""images/D11.png"" style= ""width:200px""alt=""img"">
                            </div>
                        </div>","62","html-slider-response","745","3118194","0.0-741.0","h655nft9bk","11","92208","","","0","","","","justice","images/D11.png"
"NaN","<div style=""width:500px;"">
                            <p style=""font-size:50px; font-weight:bold;""
                            >peace</p>
                            <div style=""width:240px; margin: auto;"">
                                <img src=""images/D79.png"" style= ""width:200px""alt=""img"">
                            </div>
                        </div>","42","html-slider-response","746","3120277","0.0-742.0","h655nft9bk","11","92208","","","0","","","","peace","images/D79.png"
"NaN","<div style=""width:500px;"">
                            <p style=""font-size:50px; font-weight:bold;""
                            >peace</p>
                            <div style=""width:240px; margin: auto;"">
                                <img src=""images/D25.png"" style= ""width:200px""alt=""img"">
                            </div>
                        </div>","189","html-slider-response","747","3122749","0.0-743.0","h655nft9bk","11","92208","","","0","","","","peace","images/D25.png"
"NaN","<div style=""width:500px;"">
                            <p style=""font-size:50px; font-weight:bold;""
                            >love</p>
                            <div style=""width:240px; margin: auto;"">
                                <img src=""images/D64.png"" style= ""width:200px""alt=""img"">
                            </div>
                        </div>","99","html-slider-response","748","3125041","0.0-744.0","h655nft9bk","11","92208","","","0","","","","love","images/D64.png"
"NaN","<div style=""width:500px;"">
                            <p style=""font-size:50px; font-weight:bold;""
                            >peace</p>
                            <div style=""width:240px; margin: auto;"">
                                <img src=""images/D20.png"" style= ""width:200px""alt=""img"">
                            </div>
                        </div>","36","html-slider-response","749","3127634","0.0-745.0","h655nft9bk","11","92208","","","0","","","","peace","images/D20.png"
"NaN","<div style=""width:500px;"">
                            <p style=""font-size:50px; font-weight:bold;""
                            >justice</p>
                            <div style=""width:240px; margin: auto;"">
                                <img src=""images/D68.png"" style= ""width:200px""alt=""img"">
                            </div>
                        </div>","-90","html-slider-response","750","3131191","0.0-746.0","h655nft9bk","11","92208","","","0","","","","justice","images/D68.png"
"NaN","<div style=""width:500px;"">
                            <p style=""font-size:50px; font-weight:bold;""
                            >love</p>
                            <div style=""width:240px; margin: auto;"">
                                <img src=""images/D74.png"" style= ""width:200px""alt=""img"">
                            </div>
                        </div>","122","html-slider-response","751","3132848","0.0-747.0","h655nft9bk","11","92208","","","0","","","","love","images/D74.png"
"NaN","<div style=""width:500px;"">
                            <p style=""font-size:50px; font-weight:bold;""
                            >peace</p>
                            <div style=""width:240px; margin: auto;"">
                                <img src=""images/D84.png"" style= ""width:200px""alt=""img"">
                            </div>
                        </div>","-82","html-slider-response","752","3134719","0.0-748.0","h655nft9bk","11","92208","","","0","","","","peace","images/D84.png"
"NaN","<div style=""width:500px;"">
                            <p style=""font-size:50px; font-weight:bold;""
                            >greed</p>
                            <div style=""width:240px; margin: auto;"">
                                <img src=""images/D48.png"" style= ""width:200px""alt=""img"">
                            </div>
                        </div>","-58","html-slider-response","753","3137204","0.0-749.0","h655nft9bk","11","92208","","","0","","","","greed","images/D48.png"
"NaN","<div style=""width:500px;"">
                            <p style=""font-size:50px; font-weight:bold;""
                            >greed</p>
                            <div style=""width:240px; margin: auto;"">
                                <img src=""images/D25.png"" style= ""width:200px""alt=""img"">
                            </div>
                        </div>","-126","html-slider-response","754","3139010","0.0-750.0","h655nft9bk","11","92208","","","0","","","","greed","images/D25.png"
"NaN","<div style=""width:500px;"">
                            <p style=""font-size:50px; font-weight:bold;""
                            >peace</p>
                            <div style=""width:240px; margin: auto;"">
                                <img src=""images/D36.png"" style= ""width:200px""alt=""img"">
                            </div>
                        </div>","-150","html-slider-response","755","3140942","0.0-751.0","h655nft9bk","11","92208","","","0","","","","peace","images/D36.png"
"NaN","<div style=""width:500px;"">
                            <p style=""font-size:50px; font-weight:bold;""
                            >greed</p>
                            <div style=""width:240px; margin: auto;"">
                                <img src=""images/D75.png"" style= ""width:200px""alt=""img"">
                            </div>
                        </div>","144","html-slider-response","756","3143102","0.0-752.0","h655nft9bk","11","92208","","","0","","","","greed","images/D75.png"
"NaN","<div style=""width:500px;"">
                            <p style=""font-size:50px; font-weight:bold;""
                            >love</p>
                            <div style=""width:240px; margin: auto;"">
                                <img src=""images/D65.png"" style= ""width:200px""alt=""img"">
                            </div>
                        </div>","101","html-slider-response","757","3145304","0.0-753.0","h655nft9bk","11","92208","","","0","","","","love","images/D65.png"
"NaN","<div style=""width:500px;"">
                            <p style=""font-size:50px; font-weight:bold;""
                            >love</p>
                            <div style=""width:240px; margin: auto;"">
                                <img src=""images/D16.png"" style= ""width:200px""alt=""img"">
                            </div>
                        </div>","62","html-slider-response","758","3147040","0.0-754.0","h655nft9bk","11","92208","","","0","","","","love","images/D16.png"
"NaN","<div style=""width:500px;"">
                            <p style=""font-size:50px; font-weight:bold;""
                            >love</p>
                            <div style=""width:240px; margin: auto;"">
                                <img src=""images/D84.png"" style= ""width:200px""alt=""img"">
                            </div>
                        </div>","58","html-slider-response","759","3149005","0.0-755.0","h655nft9bk","11","92208","","","0","","","","love","images/D84.png"
"NaN","<div style=""width:500px;"">
                            <p style=""font-size:50px; font-weight:bold;""
                            >justice</p>
                            <div style=""width:240px; margin: auto;"">
                                <img src=""images/D16.png"" style= ""width:200px""alt=""img"">
                            </div>
                        </div>","57","html-slider-response","760","3150888","0.0-756.0","h655nft9bk","11","92208","","","0","","","","justice","images/D16.png"
"NaN","<div style=""width:500px;"">
                            <p style=""font-size:50px; font-weight:bold;""
                            >justice</p>
                            <div style=""width:240px; margin: auto;"">
                                <img src=""images/D84.png"" style= ""width:200px""alt=""img"">
                            </div>
                        </div>","57","html-slider-response","761","3152286","0.0-757.0","h655nft9bk","11","92208","","","0","","","","justice","images/D84.png"
"NaN","<div style=""width:500px;"">
                            <p style=""font-size:50px; font-weight:bold;""
                            >justice</p>
                            <div style=""width:240px; margin: auto;"">
                                <img src=""images/D36.png"" style= ""width:200px""alt=""img"">
                            </div>
                        </div>","-66","html-slider-response","762","3154146","0.0-758.0","h655nft9bk","11","92208","","","0","","","","justice","images/D36.png"
"NaN","<div style=""width:500px;"">
                            <p style=""font-size:50px; font-weight:bold;""
                            >peace</p>
                            <div style=""width:240px; margin: auto;"">
                                <img src=""images/D105.png"" style= ""width:200px""alt=""img"">
                            </div>
                        </div>","-109","html-slider-response","763","3156304","0.0-759.0","h655nft9bk","11","92208","","","0","","","","peace","images/D105.png"
"NaN","<div style=""width:500px;"">
                            <p style=""font-size:50px; font-weight:bold;""
                            >love</p>
                            <div style=""width:240px; margin: auto;"">
                                <img src=""images/D53.png"" style= ""width:200px""alt=""img"">
                            </div>
                        </div>","40","html-slider-response","764","3157991","0.0-760.0","h655nft9bk","11","92208","","","0","","","","love","images/D53.png"
"NaN","<div style=""width:500px;"">
                            <p style=""font-size:50px; font-weight:bold;""
                            >love</p>
                            <div style=""width:240px; margin: auto;"">
                                <img src=""images/D81.png"" style= ""width:200px""alt=""img"">
                            </div>
                        </div>","-112","html-slider-response","765","3159767","0.0-761.0","h655nft9bk","11","92208","","","0","","","","love","images/D81.png"
"NaN","<div style=""width:500px;"">
                            <p style=""font-size:50px; font-weight:bold;""
                            >peace</p>
                            <div style=""width:240px; margin: auto;"">
                                <img src=""images/D68.png"" style= ""width:200px""alt=""img"">
                            </div>
                        </div>","-95","html-slider-response","766","3162187","0.0-762.0","h655nft9bk","11","92208","","","0","","","","peace","images/D68.png"
"NaN","<div style=""width:500px;"">
                            <p style=""font-size:50px; font-weight:bold;""
                            >greed</p>
                            <div style=""width:240px; margin: auto;"">
                                <img src=""images/D20.png"" style= ""width:200px""alt=""img"">
                            </div>
                        </div>","143","html-slider-response","767","3164340","0.0-763.0","h655nft9bk","11","92208","","","0","","","","greed","images/D20.png"
"NaN","<div style=""width:500px;"">
                            <p style=""font-size:50px; font-weight:bold;""
                            >love</p>
                            <div style=""width:240px; margin: auto;"">
                                <img src=""images/D25.png"" style= ""width:200px""alt=""img"">
                            </div>
                        </div>","195","html-slider-response","768","3166809","0.0-764.0","h655nft9bk","11","92208","","","0","","","","love","images/D25.png"
"NaN","<div style=""width:500px;"">
                            <p style=""font-size:50px; font-weight:bold;""
                            >love</p>
                            <div style=""width:240px; margin: auto;"">
                                <img src=""images/D102.png"" style= ""width:200px""alt=""img"">
                            </div>
                        </div>","85","html-slider-response","769","3169397","0.0-765.0","h655nft9bk","11","92208","","","0","","","","love","images/D102.png"
"NaN","<div style=""width:500px;"">
                            <p style=""font-size:50px; font-weight:bold;""
                            >evil</p>
                            <div style=""width:240px; margin: auto;"">
                                <img src=""images/D36.png"" style= ""width:200px""alt=""img"">
                            </div>
                        </div>","-115","html-slider-response","770","3172757","0.0-766.0","h655nft9bk","11","92208","","","0","","","","evil","images/D36.png"
"NaN","<div style=""width:500px;"">
                            <p style=""font-size:50px; font-weight:bold;""
                            >greed</p>
                            <div style=""width:240px; margin: auto;"">
                                <img src=""images/D94.png"" style= ""width:200px""alt=""img"">
                            </div>
                        </div>","99","html-slider-response","771","3176716","0.0-767.0","h655nft9bk","11","92208","","","0","","","","greed","images/D94.png"
"NaN","<div style=""width:500px;"">
                            <p style=""font-size:50px; font-weight:bold;""
                            >peace</p>
                            <div style=""width:240px; margin: auto;"">
                                <img src=""images/D37.png"" style= ""width:200px""alt=""img"">
                            </div>
                        </div>","182","html-slider-response","772","3178766","0.0-768.0","h655nft9bk","11","92208","","","0","","","","peace","images/D37.png"
"NaN","<div style=""width:500px;"">
                            <p style=""font-size:50px; font-weight:bold;""
                            >evil</p>
                            <div style=""width:240px; margin: auto;"">
                                <img src=""images/D94.png"" style= ""width:200px""alt=""img"">
                            </div>
                        </div>","-151","html-slider-response","773","3180878","0.0-769.0","h655nft9bk","11","92208","","","0","","","","evil","images/D94.png"
"NaN","<div style=""width:500px;"">
                            <p style=""font-size:50px; font-weight:bold;""
                            >evil</p>
                            <div style=""width:240px; margin: auto;"">
                                <img src=""images/D65.png"" style= ""width:200px""alt=""img"">
                            </div>
                        </div>","-58","html-slider-response","774","3186707","0.0-770.0","h655nft9bk","11","92208","","","0","","","","evil","images/D65.png"
"NaN","<div style=""width:500px;"">
                            <p style=""font-size:50px; font-weight:bold;""
                            >evil</p>
                            <div style=""width:240px; margin: auto;"">
                                <img src=""images/D83.png"" style= ""width:200px""alt=""img"">
                            </div>
                        </div>","-81","html-slider-response","775","3189416","0.0-771.0","h655nft9bk","11","92208","","","0","","","","evil","images/D83.png"
"NaN","<div style=""width:500px;"">
                            <p style=""font-size:50px; font-weight:bold;""
                            >justice</p>
                            <div style=""width:240px; margin: auto;"">
                                <img src=""images/D76.png"" style= ""width:200px""alt=""img"">
                            </div>
                        </div>","-65","html-slider-response","776","3191261","0.0-772.0","h655nft9bk","11","92208","","","0","","","","justice","images/D76.png"
"NaN","<div style=""width:500px;"">
                            <p style=""font-size:50px; font-weight:bold;""
                            >love</p>
                            <div style=""width:240px; margin: auto;"">
                                <img src=""images/D4.png"" style= ""width:200px""alt=""img"">
                            </div>
                        </div>","49","html-slider-response","777","3193815","0.0-773.0","h655nft9bk","11","92208","","","0","","","","love","images/D4.png"
"NaN","<div style=""width:500px;"">
                            <p style=""font-size:50px; font-weight:bold;""
                            >evil</p>
                            <div style=""width:240px; margin: auto;"">
                                <img src=""images/D37.png"" style= ""width:200px""alt=""img"">
                            </div>
                        </div>","-122","html-slider-response","778","3195849","0.0-774.0","h655nft9bk","11","92208","","","0","","","","evil","images/D37.png"
"NaN","<div style=""width:500px;"">
                            <p style=""font-size:50px; font-weight:bold;""
                            >evil</p>
                            <div style=""width:240px; margin: auto;"">
                                <img src=""images/D56.png"" style= ""width:200px""alt=""img"">
                            </div>
                        </div>","-73","html-slider-response","779","3199937","0.0-775.0","h655nft9bk","11","92208","","","0","","","","evil","images/D56.png"
"NaN","<div style=""width:500px;"">
                            <p style=""font-size:50px; font-weight:bold;""
                            >greed</p>
                            <div style=""width:240px; margin: auto;"">
                                <img src=""images/D56.png"" style= ""width:200px""alt=""img"">
                            </div>
                        </div>","176","html-slider-response","780","3202466","0.0-776.0","h655nft9bk","11","92208","","","0","","","","greed","images/D56.png"
"NaN","<div style=""width:500px;"">
                            <p style=""font-size:50px; font-weight:bold;""
                            >justice</p>
                            <div style=""width:240px; margin: auto;"">
                                <img src=""images/D53.png"" style= ""width:200px""alt=""img"">
                            </div>
                        </div>","62","html-slider-response","781","3204722","0.0-777.0","h655nft9bk","11","92208","","","0","","","","justice","images/D53.png"
"NaN","<div style=""width:500px;"">
                            <p style=""font-size:50px; font-weight:bold;""
                            >evil</p>
                            <div style=""width:240px; margin: auto;"">
                                <img src=""images/D68.png"" style= ""width:200px""alt=""img"">
                            </div>
                        </div>","-106","html-slider-response","782","3206415","0.0-778.0","h655nft9bk","11","92208","","","0","","","","evil","images/D68.png"
"NaN","<div style=""width:500px;"">
                            <p style=""font-size:50px; font-weight:bold;""
                            >justice</p>
                            <div style=""width:240px; margin: auto;"">
                                <img src=""images/D14.png"" style= ""width:200px""alt=""img"">
                            </div>
                        </div>","92","html-slider-response","783","3208442","0.0-779.0","h655nft9bk","11","92208","","","0","","","","justice","images/D14.png"
"NaN","<div style=""width:500px;"">
                            <p style=""font-size:50px; font-weight:bold;""
                            >peace</p>
                            <div style=""width:240px; margin: auto;"">
                                <img src=""images/D17.png"" style= ""width:200px""alt=""img"">
                            </div>
                        </div>","38","html-slider-response","784","3211370","0.0-780.0","h655nft9bk","11","92208","","","0","","","","peace","images/D17.png"
"NaN","<div style=""width:500px;"">
                            <p style=""font-size:50px; font-weight:bold;""
                            >evil</p>
                            <div style=""width:240px; margin: auto;"">
                                <img src=""images/D26.png"" style= ""width:200px""alt=""img"">
                            </div>
                        </div>","-138","html-slider-response","785","3217235","0.0-781.0","h655nft9bk","11","92208","","","0","","","","evil","images/D26.png"
"NaN","<div style=""width:500px;"">
                            <p style=""font-size:50px; font-weight:bold;""
                            >greed</p>
                            <div style=""width:240px; margin: auto;"">
                                <img src=""images/D81.png"" style= ""width:200px""alt=""img"">
                            </div>
                        </div>","-78","html-slider-response","786","3219837","0.0-782.0","h655nft9bk","11","92208","","","0","","","","greed","images/D81.png"
"NaN","<div style=""width:500px;"">
                            <p style=""font-size:50px; font-weight:bold;""
                            >love</p>
                            <div style=""width:240px; margin: auto;"">
                                <img src=""images/D35.png"" style= ""width:200px""alt=""img"">
                            </div>
                        </div>","-49","html-slider-response","787","3221565","0.0-783.0","h655nft9bk","11","92208","","","0","","","","love","images/D35.png"
"NaN","<div style=""width:500px;"">
                            <p style=""font-size:50px; font-weight:bold;""
                            >love</p>
                            <div style=""width:240px; margin: auto;"">
                                <img src=""images/D111.png"" style= ""width:200px""alt=""img"">
                            </div>
                        </div>","-49","html-slider-response","788","3223226","0.0-784.0","h655nft9bk","11","92208","","","0","","","","love","images/D111.png"
"NaN","<div style=""width:500px;"">
                            <p style=""font-size:50px; font-weight:bold;""
                            >peace</p>
                            <div style=""width:240px; margin: auto;"">
                                <img src=""images/D78.png"" style= ""width:200px""alt=""img"">
                            </div>
                        </div>","-50","html-slider-response","789","3225492","0.0-785.0","h655nft9bk","11","92208","","","0","","","","peace","images/D78.png"
"NaN","<div style=""width:500px;"">
                            <p style=""font-size:50px; font-weight:bold;""
                            >evil</p>
                            <div style=""width:240px; margin: auto;"">
                                <img src=""images/D49.png"" style= ""width:200px""alt=""img"">
                            </div>
                        </div>","-50","html-slider-response","790","3227345","0.0-786.0","h655nft9bk","11","92208","","","0","","","","evil","images/D49.png"
"NaN","<div style=""width:500px;"">
                            <p style=""font-size:50px; font-weight:bold;""
                            >justice</p>
                            <div style=""width:240px; margin: auto;"">
                                <img src=""images/D56.png"" style= ""width:200px""alt=""img"">
                            </div>
                        </div>","54","html-slider-response","791","3229785","0.0-787.0","h655nft9bk","11","92208","","","0","","","","justice","images/D56.png"
"NaN","<div style=""width:500px;"">
                            <p style=""font-size:50px; font-weight:bold;""
                            >love</p>
                            <div style=""width:240px; margin: auto;"">
                                <img src=""images/D82.png"" style= ""width:200px""alt=""img"">
                            </div>
                        </div>","-26","html-slider-response","792","3232889","0.0-788.0","h655nft9bk","11","92208","","","0","","","","love","images/D82.png"
"NaN","<div style=""width:500px;"">
                            <p style=""font-size:50px; font-weight:bold;""
                            >greed</p>
                            <div style=""width:240px; margin: auto;"">
                                <img src=""images/D22.png"" style= ""width:200px""alt=""img"">
                            </div>
                        </div>","-28","html-slider-response","793","3234679","0.0-789.0","h655nft9bk","11","92208","","","0","","","","greed","images/D22.png"
"NaN","<div style=""width:500px;"">
                            <p style=""font-size:50px; font-weight:bold;""
                            >evil</p>
                            <div style=""width:240px; margin: auto;"">
                                <img src=""images/D103.png"" style= ""width:200px""alt=""img"">
                            </div>
                        </div>","130","html-slider-response","794","3237456","0.0-790.0","h655nft9bk","11","92208","","","0","","","","evil","images/D103.png"
"NaN","<div style=""width:500px;"">
                            <p style=""font-size:50px; font-weight:bold;""
                            >peace</p>
                            <div style=""width:240px; margin: auto;"">
                                <img src=""images/D81.png"" style= ""width:200px""alt=""img"">
                            </div>
                        </div>","-179","html-slider-response","795","3239653","0.0-791.0","h655nft9bk","11","92208","","","0","","","","peace","images/D81.png"
"NaN","<div style=""width:500px;"">
                            <p style=""font-size:50px; font-weight:bold;""
                            >justice</p>
                            <div style=""width:240px; margin: auto;"">
                                <img src=""images/D101.png"" style= ""width:200px""alt=""img"">
                            </div>
                        </div>","78","html-slider-response","796","3241407","0.0-792.0","h655nft9bk","11","92208","","","0","","","","justice","images/D101.png"
"NaN","<div style=""width:500px;"">
                            <p style=""font-size:50px; font-weight:bold;""
                            >justice</p>
                            <div style=""width:240px; margin: auto;"">
                                <img src=""images/D52.png"" style= ""width:200px""alt=""img"">
                            </div>
                        </div>","56","html-slider-response","797","3245225","0.0-793.0","h655nft9bk","11","92208","","","0","","","","justice","images/D52.png"
"NaN","<div style=""width:500px;"">
                            <p style=""font-size:50px; font-weight:bold;""
                            >justice</p>
                            <div style=""width:240px; margin: auto;"">
                                <img src=""images/D83.png"" style= ""width:200px""alt=""img"">
                            </div>
                        </div>","107","html-slider-response","798","3247392","0.0-794.0","h655nft9bk","11","92208","","","0","","","","justice","images/D83.png"
"NaN","<div style=""width:500px;"">
                            <p style=""font-size:50px; font-weight:bold;""
                            >greed</p>
                            <div style=""width:240px; margin: auto;"">
                                <img src=""images/D36.png"" style= ""width:200px""alt=""img"">
                            </div>
                        </div>","-90","html-slider-response","799","3249388","0.0-795.0","h655nft9bk","11","92208","","","0","","","","greed","images/D36.png"
"NaN","<div style=""width:500px;"">
                            <p style=""font-size:50px; font-weight:bold;""
                            >evil</p>
                            <div style=""width:240px; margin: auto;"">
                                <img src=""images/D81.png"" style= ""width:200px""alt=""img"">
                            </div>
                        </div>","169","html-slider-response","800","3251491","0.0-796.0","h655nft9bk","11","92208","","","0","","","","evil","images/D81.png"
"NaN","<div style=""width:500px;"">
                            <p style=""font-size:50px; font-weight:bold;""
                            >love</p>
                            <div style=""width:240px; margin: auto;"">
                                <img src=""images/D66.png"" style= ""width:200px""alt=""img"">
                            </div>
                        </div>","-80","html-slider-response","801","3253339","0.0-797.0","h655nft9bk","11","92208","","","0","","","","love","images/D66.png"
"NaN","<div style=""width:500px;"">
                            <p style=""font-size:50px; font-weight:bold;""
                            >greed</p>
                            <div style=""width:240px; margin: auto;"">
                                <img src=""images/D105.png"" style= ""width:200px""alt=""img"">
                            </div>
                        </div>","-92","html-slider-response","802","3259470","0.0-798.0","h655nft9bk","11","92208","","","0","","","","greed","images/D105.png"
"NaN","<div style=""width:500px;"">
                            <p style=""font-size:50px; font-weight:bold;""
                            >greed</p>
                            <div style=""width:240px; margin: auto;"">
                                <img src=""images/D14.png"" style= ""width:200px""alt=""img"">
                            </div>
                        </div>","-39","html-slider-response","803","3263078","0.0-799.0","h655nft9bk","11","92208","","","0","","","","greed","images/D14.png"
"NaN","<div style=""width:500px;"">
                            <p style=""font-size:50px; font-weight:bold;""
                            >evil</p>
                            <div style=""width:240px; margin: auto;"">
                                <img src=""images/D35.png"" style= ""width:200px""alt=""img"">
                            </div>
                        </div>","129","html-slider-response","804","3266092","0.0-800.0","h655nft9bk","11","92208","","","0","","","","evil","images/D35.png"
"NaN","<div style=""width:500px;"">
                            <p style=""font-size:50px; font-weight:bold;""
                            >justice</p>
                            <div style=""width:240px; margin: auto;"">
                                <img src=""images/D48.png"" style= ""width:200px""alt=""img"">
                            </div>
                        </div>","37","html-slider-response","805","3268686","0.0-801.0","h655nft9bk","11","92208","","","0","","","","justice","images/D48.png"
"NaN","<div style=""width:500px;"">
                            <p style=""font-size:50px; font-weight:bold;""
                            >greed</p>
                            <div style=""width:240px; margin: auto;"">
                                <img src=""images/D111.png"" style= ""width:200px""alt=""img"">
                            </div>
                        </div>","77","html-slider-response","806","3272610","0.0-802.0","h655nft9bk","11","92208","","","0","","","","greed","images/D111.png"
"NaN","<div style=""width:500px;"">
                            <p style=""font-size:50px; font-weight:bold;""
                            >evil</p>
                            <div style=""width:240px; margin: auto;"">
                                <img src=""images/D16.png"" style= ""width:200px""alt=""img"">
                            </div>
                        </div>","-29","html-slider-response","807","3275078","0.0-803.0","h655nft9bk","11","92208","","","0","","","","evil","images/D16.png"
"NaN","<div style=""width:500px;"">
                            <p style=""font-size:50px; font-weight:bold;""
                            >justice</p>
                            <div style=""width:240px; margin: auto;"">
                                <img src=""images/D20.png"" style= ""width:200px""alt=""img"">
                            </div>
                        </div>","83","html-slider-response","808","3277352","0.0-804.0","h655nft9bk","11","92208","","","0","","","","justice","images/D20.png"
"NaN","<div style=""width:500px;"">
                            <p style=""font-size:50px; font-weight:bold;""
                            >evil</p>
                            <div style=""width:240px; margin: auto;"">
                                <img src=""images/D17.png"" style= ""width:200px""alt=""img"">
                            </div>
                        </div>","-57","html-slider-response","809","3280870","0.0-805.0","h655nft9bk","11","92208","","","0","","","","evil","images/D17.png"
"NaN","<div style=""width:500px;"">
                            <p style=""font-size:50px; font-weight:bold;""
                            >love</p>
                            <div style=""width:240px; margin: auto;"">
                                <img src=""images/D95.png"" style= ""width:200px""alt=""img"">
                            </div>
                        </div>","-134","html-slider-response","810","3283407","0.0-806.0","h655nft9bk","11","92208","","","0","","","","love","images/D95.png"
"NaN","<div style=""width:500px;"">
                            <p style=""font-size:50px; font-weight:bold;""
                            >love</p>
                            <div style=""width:240px; margin: auto;"">
                                <img src=""images/D52.png"" style= ""width:200px""alt=""img"">
                            </div>
                        </div>","54","html-slider-response","811","3285878","0.0-807.0","h655nft9bk","11","92208","","","0","","","","love","images/D52.png"
"NaN","<div style=""width:500px;"">
                            <p style=""font-size:50px; font-weight:bold;""
                            >peace</p>
                            <div style=""width:240px; margin: auto;"">
                                <img src=""images/D66.png"" style= ""width:200px""alt=""img"">
                            </div>
                        </div>","-51","html-slider-response","812","3291506","0.0-808.0","h655nft9bk","11","92208","","","0","","","","peace","images/D66.png"
"NaN","<div style=""width:500px;"">
                            <p style=""font-size:50px; font-weight:bold;""
                            >justice</p>
                            <div style=""width:240px; margin: auto;"">
                                <img src=""images/D18.png"" style= ""width:200px""alt=""img"">
                            </div>
                        </div>","-109","html-slider-response","813","3293613","0.0-809.0","h655nft9bk","11","92208","","","0","","","","justice","images/D18.png"
"NaN","<div style=""width:500px;"">
                            <p style=""font-size:50px; font-weight:bold;""
                            >justice</p>
                            <div style=""width:240px; margin: auto;"">
                                <img src=""images/D66.png"" style= ""width:200px""alt=""img"">
                            </div>
                        </div>","-123","html-slider-response","814","3295629","0.0-810.0","h655nft9bk","11","92208","","","0","","","","justice","images/D66.png"
"NaN","<div style=""width:500px;"">
                            <p style=""font-size:50px; font-weight:bold;""
                            >love</p>
                            <div style=""width:240px; margin: auto;"">
                                <img src=""images/D19.png"" style= ""width:200px""alt=""img"">
                            </div>
                        </div>","-72","html-slider-response","815","3298937","0.0-811.0","h655nft9bk","11","92208","","","0","","","","love","images/D19.png"
"1490","<p>Great Job! You're done rating all concepts!<br></br></p>","0","html-button-response","816","3300933","0.0-812.0","h655nft9bk","11","92208","","","","","","","",""
